c ids of sdd nodes start at 0
c sdd nodes appear bottom-up, children before parents
c
c file syntax:
c sdd count-of-sdd-nodes
c F id-of-false-sdd-node
c T id-of-true-sdd-node
c L id-of-literal-sdd-node id-of-vtree literal
c D id-of-decomposition-sdd-node id-of-vtree number-of-elements {id-of-prime id-of-sub}*
c
sdd 90
L 2 1668 -15
L 3 1670 16
L 4 1668 15
F 5
D 1 1669 2 2 3 4 5
L 8 1672 -355
L 9 1674 356
L 10 1672 355
D 7 1673 2 8 9 10 5
L 13 2552 -1
L 14 2554 2
L 15 2552 1
D 12 2553 2 13 14 15 5
L 19 2556 -801
L 20 2558 -802
L 21 2556 801
D 18 2557 2 19 20 21 5
L 23 2560 -803
L 24 2562 -804
L 25 2560 803
D 22 2561 2 23 24 25 5
L 27 2558 802
T 28
D 26 2557 2 19 27 21 28
D 17 2559 2 18 22 26 5
L 31 2564 -805
L 32 2566 -806
L 33 2564 805
D 30 2565 2 31 32 33 5
L 35 2568 -807
L 36 2570 808
L 37 2568 807
D 34 2569 2 35 36 37 5
L 39 2566 806
D 38 2565 2 31 39 33 28
D 29 2567 2 30 34 38 5
L 42 2562 804
D 41 2561 2 23 42 25 28
D 40 2559 2 18 41 26 28
D 16 2563 2 17 29 40 5
L 44 2554 -2
D 43 2553 2 15 44 13 5
L 48 2570 -808
D 47 2569 2 37 48 35 5
D 46 2567 2 30 47 38 5
D 45 2563 2 17 46 40 5
D 49 2553 2 13 44 15 14
D 11 2555 3 12 16 43 45 49 5
L 51 1674 -356
D 50 1673 2 10 51 8 5
D 55 2565 2 31 39 33 5
D 56 2569 2 35 48 37 5
D 57 2565 2 31 32 33 28
D 54 2567 2 55 56 57 5
D 53 2563 2 17 54 40 5
D 60 2565 2 33 32 31 5
D 61 2565 2 33 39 31 28
D 59 2567 2 60 56 61 5
D 58 2563 2 17 59 40 5
D 52 2555 3 12 53 43 58 49 5
D 62 1673 2 8 51 10 9
D 6 1675 3 7 11 50 52 62 5
L 64 1670 -16
D 63 1669 2 4 64 2 5
D 69 2561 2 23 42 25 5
D 68 2559 2 18 69 26 5
D 70 2567 2 30 56 38 5
D 72 2561 2 23 24 25 28
D 71 2559 2 18 72 26 28
D 67 2563 2 68 70 71 5
D 75 2561 2 25 24 23 5
D 74 2559 2 18 75 26 5
D 77 2561 2 25 42 23 28
D 76 2559 2 18 77 26 28
D 73 2563 2 74 70 76 5
D 66 2555 3 12 67 43 73 49 5
D 81 2557 2 19 27 21 5
D 82 2557 2 19 20 21 28
D 80 2559 2 81 22 82 5
D 83 2559 2 81 41 82 28
D 79 2563 2 80 70 83 5
D 86 2557 2 21 20 19 5
D 87 2557 2 21 27 19 28
D 85 2559 2 86 22 87 5
D 88 2559 2 86 41 87 28
D 84 2563 2 85 70 88 5
D 78 2555 3 12 79 43 84 49 5
D 65 1675 3 7 66 50 78 62 5
D 89 1669 2 2 64 4 3
D 0 1671 3 1 6 63 65 89 5
