c ids of sdd nodes start at 0
c sdd nodes appear bottom-up, children before parents
c
c file syntax:
c sdd count-of-sdd-nodes
c F id-of-false-sdd-node
c T id-of-true-sdd-node
c L id-of-literal-sdd-node id-of-vtree literal
c D id-of-decomposition-sdd-node id-of-vtree number-of-elements {id-of-prime id-of-sub}*
c
sdd 90
L 2 4672 -201
L 3 4674 202
L 4 4672 201
F 5
D 1 4673 2 2 3 4 5
L 8 4692 -701
L 9 4694 702
L 10 4692 701
D 7 4693 2 8 9 10 5
L 13 4820 -199
L 14 4822 200
L 15 4820 199
D 12 4821 2 13 14 15 5
L 19 4840 -1547
L 20 4842 -1548
L 21 4840 1547
D 18 4841 2 19 20 21 5
L 23 4844 -1549
L 24 4846 -1550
L 25 4844 1549
D 22 4845 2 23 24 25 5
L 27 4842 1548
T 28
D 26 4841 2 19 27 21 28
D 17 4843 2 18 22 26 5
L 31 4848 -1551
L 32 4850 -1552
L 33 4848 1551
D 30 4849 2 31 32 33 5
L 35 4852 -1553
L 36 4854 1554
L 37 4852 1553
D 34 4853 2 35 36 37 5
L 39 4850 1552
D 38 4849 2 31 39 33 28
D 29 4851 2 30 34 38 5
L 42 4846 1550
D 41 4845 2 23 42 25 28
D 40 4843 2 18 41 26 28
D 16 4847 2 17 29 40 5
L 44 4822 -200
D 43 4821 2 15 44 13 5
D 47 4845 2 23 42 25 5
D 46 4843 2 18 47 26 5
L 50 4854 -1554
D 49 4853 2 35 50 37 5
D 48 4851 2 30 49 38 5
D 52 4845 2 23 24 25 28
D 51 4843 2 18 52 26 28
D 45 4847 2 46 48 51 5
D 53 4821 2 13 44 15 14
D 11 4823 3 12 16 43 45 53 5
L 55 4694 -702
D 54 4693 2 10 55 8 5
D 59 4849 2 31 39 33 5
D 60 4849 2 31 32 33 28
D 58 4851 2 59 49 60 5
D 57 4847 2 17 58 40 5
D 63 4841 2 19 27 21 5
D 64 4841 2 19 20 21 28
D 62 4843 2 63 22 64 5
D 65 4843 2 63 41 64 28
D 61 4847 2 62 48 65 5
D 56 4823 3 12 57 43 61 53 5
D 66 4693 2 8 55 10 9
D 6 4695 3 7 11 54 56 66 5
L 68 4674 -202
D 67 4673 2 4 68 2 5
D 73 4853 2 37 50 35 5
D 72 4851 2 30 73 38 5
D 71 4847 2 17 72 40 5
D 76 4845 2 25 24 23 5
D 75 4843 2 18 76 26 5
D 78 4845 2 25 42 23 28
D 77 4843 2 18 78 26 28
D 74 4847 2 75 48 77 5
D 70 4823 3 12 71 43 74 53 5
D 82 4849 2 33 32 31 5
D 83 4849 2 33 39 31 28
D 81 4851 2 82 49 83 5
D 80 4847 2 17 81 40 5
D 86 4841 2 21 20 19 5
D 87 4841 2 21 27 19 28
D 85 4843 2 86 22 87 5
D 88 4843 2 86 41 87 28
D 84 4847 2 85 48 88 5
D 79 4823 3 12 80 43 84 53 5
D 69 4695 3 7 70 54 79 66 5
D 89 4673 2 2 68 4 3
D 0 4675 3 1 6 67 69 89 5
