c ids of sdd nodes start at 0
c sdd nodes appear bottom-up, children before parents
c
c file syntax:
c sdd count-of-sdd-nodes
c F id-of-false-sdd-node
c T id-of-true-sdd-node
c L id-of-literal-sdd-node id-of-vtree literal
c D id-of-decomposition-sdd-node id-of-vtree number-of-elements {id-of-prime id-of-sub}*
c
sdd 90
L 2 3356 -203
L 3 3358 204
L 4 3356 203
F 5
D 1 3357 2 2 3 4 5
L 8 4672 -201
L 9 4674 202
L 10 4672 201
D 7 4673 2 8 9 10 5
L 13 4732 -699
L 14 4734 700
L 15 4732 699
D 12 4733 2 13 14 15 5
L 19 4736 -1555
L 20 4738 -1556
L 21 4736 1555
D 18 4737 2 19 20 21 5
L 23 4740 -1557
L 24 4742 -1558
L 25 4740 1557
D 22 4741 2 23 24 25 5
L 27 4738 1556
T 28
D 26 4737 2 19 27 21 28
D 17 4739 2 18 22 26 5
L 31 4744 -1559
L 32 4746 -1560
L 33 4744 1559
D 30 4745 2 31 32 33 5
L 35 4748 -1561
L 36 4750 1562
L 37 4748 1561
D 34 4749 2 35 36 37 5
L 39 4746 1560
D 38 4745 2 31 39 33 28
D 29 4747 2 30 34 38 5
L 42 4742 1558
D 41 4741 2 23 42 25 28
D 40 4739 2 18 41 26 28
D 16 4743 2 17 29 40 5
L 44 4734 -700
D 43 4733 2 15 44 13 5
D 47 4745 2 31 39 33 5
L 49 4750 -1562
D 48 4749 2 35 49 37 5
D 50 4745 2 31 32 33 28
D 46 4747 2 47 48 50 5
D 45 4743 2 17 46 40 5
D 51 4733 2 13 44 15 14
D 11 4735 3 12 16 43 45 51 5
L 53 4674 -202
D 52 4673 2 10 53 8 5
D 57 4741 2 23 42 25 5
D 56 4739 2 18 57 26 5
D 58 4747 2 30 48 38 5
D 60 4741 2 23 24 25 28
D 59 4739 2 18 60 26 28
D 55 4743 2 56 58 59 5
D 63 4737 2 19 27 21 5
D 64 4737 2 19 20 21 28
D 62 4739 2 63 22 64 5
D 65 4739 2 63 41 64 28
D 61 4743 2 62 58 65 5
D 54 4735 3 12 55 43 61 51 5
D 66 4673 2 8 53 10 9
D 6 4675 3 7 11 52 54 66 5
L 68 3358 -204
D 67 3357 2 4 68 2 5
D 73 4749 2 37 49 35 5
D 72 4747 2 30 73 38 5
D 71 4743 2 17 72 40 5
D 76 4745 2 33 32 31 5
D 77 4745 2 33 39 31 28
D 75 4747 2 76 48 77 5
D 74 4743 2 17 75 40 5
D 70 4735 3 12 71 43 74 51 5
D 81 4741 2 25 24 23 5
D 80 4739 2 18 81 26 5
D 83 4741 2 25 42 23 28
D 82 4739 2 18 83 26 28
D 79 4743 2 80 58 82 5
D 86 4737 2 21 20 19 5
D 87 4737 2 21 27 19 28
D 85 4739 2 86 22 87 5
D 88 4739 2 86 41 87 28
D 84 4743 2 85 58 88 5
D 78 4735 3 12 79 43 84 51 5
D 69 4675 3 7 70 52 78 66 5
D 89 3357 2 2 68 4 3
D 0 3359 3 1 6 67 69 89 5
