c ids of sdd nodes start at 0
c sdd nodes appear bottom-up, children before parents
c
c file syntax:
c sdd count-of-sdd-nodes
c F id-of-false-sdd-node
c T id-of-true-sdd-node
c L id-of-literal-sdd-node id-of-vtree literal
c D id-of-decomposition-sdd-node id-of-vtree number-of-elements {id-of-prime id-of-sub}*
c
sdd 90
L 2 4648 -337
L 3 4650 338
L 4 4648 337
F 5
D 1 4649 2 2 3 4 5
L 8 4660 -217
L 9 4662 218
L 10 4660 217
D 7 4661 2 8 9 10 5
L 13 4988 -205
L 14 4990 206
L 15 4988 205
D 12 4989 2 13 14 15 5
L 19 4992 -1563
L 20 4994 -1564
L 21 4992 1563
D 18 4993 2 19 20 21 5
L 23 4996 -1565
L 24 4998 -1566
L 25 4996 1565
D 22 4997 2 23 24 25 5
L 27 4994 1564
T 28
D 26 4993 2 19 27 21 28
D 17 4995 2 18 22 26 5
L 31 5000 -1567
L 32 5002 -1568
L 33 5000 1567
D 30 5001 2 31 32 33 5
L 35 5004 -1569
L 36 5006 1570
L 37 5004 1569
D 34 5005 2 35 36 37 5
L 39 5002 1568
D 38 5001 2 31 39 33 28
D 29 5003 2 30 34 38 5
L 42 4998 1566
D 41 4997 2 23 42 25 28
D 40 4995 2 18 41 26 28
D 16 4999 2 17 29 40 5
L 44 4990 -206
D 43 4989 2 15 44 13 5
L 48 5006 -1570
D 47 5005 2 37 48 35 5
D 46 5003 2 30 47 38 5
D 45 4999 2 17 46 40 5
D 49 4989 2 13 44 15 14
D 11 4991 3 12 16 43 45 49 5
L 51 4662 -218
D 50 4661 2 10 51 8 5
D 55 4997 2 23 42 25 5
D 54 4995 2 18 55 26 5
D 57 5005 2 35 48 37 5
D 56 5003 2 30 57 38 5
D 59 4997 2 23 24 25 28
D 58 4995 2 18 59 26 28
D 53 4999 2 54 56 58 5
D 62 4997 2 25 24 23 5
D 61 4995 2 18 62 26 5
D 64 4997 2 25 42 23 28
D 63 4995 2 18 64 26 28
D 60 4999 2 61 56 63 5
D 52 4991 3 12 53 43 60 49 5
D 65 4661 2 8 51 10 9
D 6 4663 3 7 11 50 52 65 5
L 67 4650 -338
D 66 4649 2 4 67 2 5
D 72 5001 2 31 39 33 5
D 73 5001 2 31 32 33 28
D 71 5003 2 72 57 73 5
D 70 4999 2 17 71 40 5
D 76 5001 2 33 32 31 5
D 77 5001 2 33 39 31 28
D 75 5003 2 76 57 77 5
D 74 4999 2 17 75 40 5
D 69 4991 3 12 70 43 74 49 5
D 81 4993 2 19 27 21 5
D 82 4993 2 19 20 21 28
D 80 4995 2 81 22 82 5
D 83 4995 2 81 41 82 28
D 79 4999 2 80 56 83 5
D 86 4993 2 21 20 19 5
D 87 4993 2 21 27 19 28
D 85 4995 2 86 22 87 5
D 88 4995 2 86 41 87 28
D 84 4999 2 85 56 88 5
D 78 4991 3 12 79 43 84 49 5
D 68 4663 3 7 69 50 78 65 5
D 89 4649 2 2 67 4 3
D 0 4651 3 1 6 66 68 89 5
