c ids of sdd nodes start at 0
c sdd nodes appear bottom-up, children before parents
c
c file syntax:
c sdd count-of-sdd-nodes
c F id-of-false-sdd-node
c T id-of-true-sdd-node
c L id-of-literal-sdd-node id-of-vtree literal
c D id-of-decomposition-sdd-node id-of-vtree number-of-elements {id-of-prime id-of-sub}*
c
sdd 90
L 2 2636 -373
L 3 2638 374
L 4 2636 373
F 5
D 1 2637 2 2 3 4 5
L 8 2672 -209
L 9 2674 210
L 10 2672 209
D 7 2673 2 8 9 10 5
L 13 2692 -293
L 14 2694 294
L 15 2692 293
D 12 2693 2 13 14 15 5
L 19 2696 -1579
L 20 2698 -1580
L 21 2696 1579
D 18 2697 2 19 20 21 5
L 23 2700 -1581
L 24 2702 -1582
L 25 2700 1581
D 22 2701 2 23 24 25 5
L 27 2698 1580
T 28
D 26 2697 2 19 27 21 28
D 17 2699 2 18 22 26 5
L 31 2704 -1583
L 32 2706 -1584
L 33 2704 1583
D 30 2705 2 31 32 33 5
L 35 2708 -1585
L 36 2710 1586
L 37 2708 1585
D 34 2709 2 35 36 37 5
L 39 2706 1584
D 38 2705 2 31 39 33 28
D 29 2707 2 30 34 38 5
L 42 2702 1582
D 41 2701 2 23 42 25 28
D 40 2699 2 18 41 26 28
D 16 2703 2 17 29 40 5
L 44 2694 -294
D 43 2693 2 15 44 13 5
D 47 2705 2 31 39 33 5
L 49 2710 -1586
D 48 2709 2 35 49 37 5
D 50 2705 2 31 32 33 28
D 46 2707 2 47 48 50 5
D 45 2703 2 17 46 40 5
D 51 2693 2 13 44 15 14
D 11 2695 3 12 16 43 45 51 5
L 53 2674 -210
D 52 2673 2 10 53 8 5
D 57 2709 2 37 49 35 5
D 56 2707 2 30 57 38 5
D 55 2703 2 17 56 40 5
D 60 2705 2 33 32 31 5
D 61 2705 2 33 39 31 28
D 59 2707 2 60 48 61 5
D 58 2703 2 17 59 40 5
D 54 2695 3 12 55 43 58 51 5
D 62 2673 2 8 53 10 9
D 6 2675 3 7 11 52 54 62 5
L 64 2638 -374
D 63 2637 2 4 64 2 5
D 69 2701 2 23 42 25 5
D 68 2699 2 18 69 26 5
D 70 2707 2 30 48 38 5
D 72 2701 2 23 24 25 28
D 71 2699 2 18 72 26 28
D 67 2703 2 68 70 71 5
D 75 2697 2 19 27 21 5
D 76 2697 2 19 20 21 28
D 74 2699 2 75 22 76 5
D 77 2699 2 75 41 76 28
D 73 2703 2 74 70 77 5
D 66 2695 3 12 67 43 73 51 5
D 81 2701 2 25 24 23 5
D 80 2699 2 18 81 26 5
D 83 2701 2 25 42 23 28
D 82 2699 2 18 83 26 28
D 79 2703 2 80 70 82 5
D 86 2697 2 21 20 19 5
D 87 2697 2 21 27 19 28
D 85 2699 2 86 22 87 5
D 88 2699 2 86 41 87 28
D 84 2703 2 85 70 88 5
D 78 2695 3 12 79 43 84 51 5
D 65 2675 3 7 66 52 78 62 5
D 89 2637 2 2 64 4 3
D 0 2639 3 1 6 63 65 89 5
