c ids of sdd nodes start at 0
c sdd nodes appear bottom-up, children before parents
c
c file syntax:
c sdd count-of-sdd-nodes
c F id-of-false-sdd-node
c T id-of-true-sdd-node
c L id-of-literal-sdd-node id-of-vtree literal
c D id-of-decomposition-sdd-node id-of-vtree number-of-elements {id-of-prime id-of-sub}*
c
sdd 90
L 2 5136 -339
L 3 5138 340
L 4 5136 339
F 5
D 1 5137 2 2 3 4 5
L 8 5148 -211
L 9 5150 212
L 10 5148 211
D 7 5149 2 8 9 10 5
L 13 6828 -321
L 14 6830 322
L 15 6828 321
D 12 6829 2 13 14 15 5
L 19 6832 -1587
L 20 6834 -1588
L 21 6832 1587
D 18 6833 2 19 20 21 5
L 23 6836 -1589
L 24 6838 -1590
L 25 6836 1589
D 22 6837 2 23 24 25 5
L 27 6834 1588
T 28
D 26 6833 2 19 27 21 28
D 17 6835 2 18 22 26 5
L 31 6840 -1591
L 32 6842 -1592
L 33 6840 1591
D 30 6841 2 31 32 33 5
L 35 6844 -1593
L 36 6846 1594
L 37 6844 1593
D 34 6845 2 35 36 37 5
L 39 6842 1592
D 38 6841 2 31 39 33 28
D 29 6843 2 30 34 38 5
L 42 6838 1590
D 41 6837 2 23 42 25 28
D 40 6835 2 18 41 26 28
D 16 6839 2 17 29 40 5
L 44 6830 -322
D 43 6829 2 15 44 13 5
D 47 6841 2 31 39 33 5
L 49 6846 -1594
D 48 6845 2 35 49 37 5
D 50 6841 2 31 32 33 28
D 46 6843 2 47 48 50 5
D 45 6839 2 17 46 40 5
D 51 6829 2 13 44 15 14
D 11 6831 3 12 16 43 45 51 5
L 53 5150 -212
D 52 5149 2 10 53 8 5
D 57 6845 2 37 49 35 5
D 56 6843 2 30 57 38 5
D 55 6839 2 17 56 40 5
D 60 6841 2 33 32 31 5
D 61 6841 2 33 39 31 28
D 59 6843 2 60 48 61 5
D 58 6839 2 17 59 40 5
D 54 6831 3 12 55 43 58 51 5
D 62 5149 2 8 53 10 9
D 6 5151 3 7 11 52 54 62 5
L 64 5138 -340
D 63 5137 2 4 64 2 5
D 69 6837 2 23 42 25 5
D 68 6835 2 18 69 26 5
D 70 6843 2 30 48 38 5
D 72 6837 2 23 24 25 28
D 71 6835 2 18 72 26 28
D 67 6839 2 68 70 71 5
D 75 6833 2 19 27 21 5
D 76 6833 2 19 20 21 28
D 74 6835 2 75 22 76 5
D 77 6835 2 75 41 76 28
D 73 6839 2 74 70 77 5
D 66 6831 3 12 67 43 73 51 5
D 81 6837 2 25 24 23 5
D 80 6835 2 18 81 26 5
D 83 6837 2 25 42 23 28
D 82 6835 2 18 83 26 28
D 79 6839 2 80 70 82 5
D 86 6833 2 21 20 19 5
D 87 6833 2 21 27 19 28
D 85 6835 2 86 22 87 5
D 88 6835 2 86 41 87 28
D 84 6839 2 85 70 88 5
D 78 6831 3 12 79 43 84 51 5
D 65 5151 3 7 66 52 78 62 5
D 89 5137 2 2 64 4 3
D 0 5139 3 1 6 63 65 89 5
