c ids of sdd nodes start at 0
c sdd nodes appear bottom-up, children before parents
c
c file syntax:
c sdd count-of-sdd-nodes
c F id-of-false-sdd-node
c T id-of-true-sdd-node
c L id-of-literal-sdd-node id-of-vtree literal
c D id-of-decomposition-sdd-node id-of-vtree number-of-elements {id-of-prime id-of-sub}*
c
sdd 90
L 2 4660 -217
L 3 4662 218
L 4 4660 217
F 5
D 1 4661 2 2 3 4 5
L 8 5128 -215
L 9 5130 216
L 10 5128 215
D 7 5129 2 8 9 10 5
L 13 6508 -327
L 14 6510 328
L 15 6508 327
D 12 6509 2 13 14 15 5
L 19 6512 -1607
L 20 6514 -1608
L 21 6512 1607
D 18 6513 2 19 20 21 5
L 23 6516 -1609
L 24 6518 -1610
L 25 6516 1609
D 22 6517 2 23 24 25 5
L 27 6514 1608
T 28
D 26 6513 2 19 27 21 28
D 17 6515 2 18 22 26 5
L 31 6520 -1611
L 32 6522 -1612
L 33 6520 1611
D 30 6521 2 31 32 33 5
L 35 6524 -1613
L 36 6526 1614
L 37 6524 1613
D 34 6525 2 35 36 37 5
L 39 6522 1612
D 38 6521 2 31 39 33 28
D 29 6523 2 30 34 38 5
L 42 6518 1610
D 41 6517 2 23 42 25 28
D 40 6515 2 18 41 26 28
D 16 6519 2 17 29 40 5
L 44 6510 -328
D 43 6509 2 15 44 13 5
D 47 6521 2 31 39 33 5
L 49 6526 -1614
D 48 6525 2 35 49 37 5
D 50 6521 2 31 32 33 28
D 46 6523 2 47 48 50 5
D 45 6519 2 17 46 40 5
D 51 6509 2 13 44 15 14
D 11 6511 3 12 16 43 45 51 5
L 53 5130 -216
D 52 5129 2 10 53 8 5
D 57 6517 2 23 42 25 5
D 56 6515 2 18 57 26 5
D 58 6523 2 30 48 38 5
D 60 6517 2 23 24 25 28
D 59 6515 2 18 60 26 28
D 55 6519 2 56 58 59 5
D 63 6513 2 19 27 21 5
D 64 6513 2 19 20 21 28
D 62 6515 2 63 22 64 5
D 65 6515 2 63 41 64 28
D 61 6519 2 62 58 65 5
D 54 6511 3 12 55 43 61 51 5
D 66 5129 2 8 53 10 9
D 6 5131 3 7 11 52 54 66 5
L 68 4662 -218
D 67 4661 2 4 68 2 5
D 73 6525 2 37 49 35 5
D 72 6523 2 30 73 38 5
D 71 6519 2 17 72 40 5
D 76 6521 2 33 32 31 5
D 77 6521 2 33 39 31 28
D 75 6523 2 76 48 77 5
D 74 6519 2 17 75 40 5
D 70 6511 3 12 71 43 74 51 5
D 81 6517 2 25 24 23 5
D 80 6515 2 18 81 26 5
D 83 6517 2 25 42 23 28
D 82 6515 2 18 83 26 28
D 79 6519 2 80 58 82 5
D 86 6513 2 21 20 19 5
D 87 6513 2 21 27 19 28
D 85 6515 2 86 22 87 5
D 88 6515 2 86 41 87 28
D 84 6519 2 85 58 88 5
D 78 6511 3 12 79 43 84 51 5
D 69 5131 3 7 70 52 78 66 5
D 89 4661 2 2 68 4 3
D 0 4663 3 1 6 67 69 89 5
