c ids of sdd nodes start at 0
c sdd nodes appear bottom-up, children before parents
c
c file syntax:
c sdd count-of-sdd-nodes
c F id-of-false-sdd-node
c T id-of-true-sdd-node
c L id-of-literal-sdd-node id-of-vtree literal
c D id-of-decomposition-sdd-node id-of-vtree number-of-elements {id-of-prime id-of-sub}*
c
sdd 90
L 2 5132 -331
L 3 5134 332
L 4 5132 331
F 5
D 1 5133 2 2 3 4 5
L 8 5144 -221
L 9 5146 222
L 10 5144 221
D 7 5145 2 8 9 10 5
L 13 5232 -219
L 14 5234 220
L 15 5232 219
D 12 5233 2 13 14 15 5
L 19 5252 -1623
L 20 5254 -1624
L 21 5252 1623
D 18 5253 2 19 20 21 5
L 23 5256 -1625
L 24 5258 -1626
L 25 5256 1625
D 22 5257 2 23 24 25 5
L 27 5254 1624
T 28
D 26 5253 2 19 27 21 28
D 17 5255 2 18 22 26 5
L 31 5260 -1627
L 32 5262 -1628
L 33 5260 1627
D 30 5261 2 31 32 33 5
L 35 5264 -1629
L 36 5266 1630
L 37 5264 1629
D 34 5265 2 35 36 37 5
L 39 5262 1628
D 38 5261 2 31 39 33 28
D 29 5263 2 30 34 38 5
L 42 5258 1626
D 41 5257 2 23 42 25 28
D 40 5255 2 18 41 26 28
D 16 5259 2 17 29 40 5
L 44 5234 -220
D 43 5233 2 15 44 13 5
D 47 5257 2 23 42 25 5
D 46 5255 2 18 47 26 5
L 50 5266 -1630
D 49 5265 2 35 50 37 5
D 48 5263 2 30 49 38 5
D 52 5257 2 23 24 25 28
D 51 5255 2 18 52 26 28
D 45 5259 2 46 48 51 5
D 53 5233 2 13 44 15 14
D 11 5235 3 12 16 43 45 53 5
L 55 5146 -222
D 54 5145 2 10 55 8 5
D 59 5265 2 37 50 35 5
D 58 5263 2 30 59 38 5
D 57 5259 2 17 58 40 5
D 62 5257 2 25 24 23 5
D 61 5255 2 18 62 26 5
D 64 5257 2 25 42 23 28
D 63 5255 2 18 64 26 28
D 60 5259 2 61 48 63 5
D 56 5235 3 12 57 43 60 53 5
D 65 5145 2 8 55 10 9
D 6 5147 3 7 11 54 56 65 5
L 67 5134 -332
D 66 5133 2 4 67 2 5
D 72 5261 2 31 39 33 5
D 73 5261 2 31 32 33 28
D 71 5263 2 72 49 73 5
D 70 5259 2 17 71 40 5
D 76 5253 2 19 27 21 5
D 77 5253 2 19 20 21 28
D 75 5255 2 76 22 77 5
D 78 5255 2 76 41 77 28
D 74 5259 2 75 48 78 5
D 69 5235 3 12 70 43 74 53 5
D 82 5261 2 33 32 31 5
D 83 5261 2 33 39 31 28
D 81 5263 2 82 49 83 5
D 80 5259 2 17 81 40 5
D 86 5253 2 21 20 19 5
D 87 5253 2 21 27 19 28
D 85 5255 2 86 22 87 5
D 88 5255 2 86 41 87 28
D 84 5259 2 85 48 88 5
D 79 5235 3 12 80 43 84 53 5
D 68 5147 3 7 69 54 79 65 5
D 89 5133 2 2 67 4 3
D 0 5135 3 1 6 66 68 89 5
