c ids of sdd nodes start at 0
c sdd nodes appear bottom-up, children before parents
c
c file syntax:
c sdd count-of-sdd-nodes
c F id-of-false-sdd-node
c T id-of-true-sdd-node
c L id-of-literal-sdd-node id-of-vtree literal
c D id-of-decomposition-sdd-node id-of-vtree number-of-elements {id-of-prime id-of-sub}*
c
sdd 90
L 2 3044 -223
L 3 3046 224
L 4 3044 223
F 5
D 1 3045 2 2 3 4 5
L 8 3048 -19
L 9 3050 20
L 10 3048 19
D 7 3049 2 8 9 10 5
L 13 3068 -341
L 14 3070 342
L 15 3068 341
D 12 3069 2 13 14 15 5
L 19 3072 -1631
L 20 3074 -1632
L 21 3072 1631
D 18 3073 2 19 20 21 5
L 23 3076 -1633
L 24 3078 -1634
L 25 3076 1633
D 22 3077 2 23 24 25 5
L 27 3074 1632
T 28
D 26 3073 2 19 27 21 28
D 17 3075 2 18 22 26 5
L 31 3080 -1635
L 32 3082 -1636
L 33 3080 1635
D 30 3081 2 31 32 33 5
L 35 3084 -1637
L 36 3086 1638
L 37 3084 1637
D 34 3085 2 35 36 37 5
L 39 3082 1636
D 38 3081 2 31 39 33 28
D 29 3083 2 30 34 38 5
L 42 3078 1634
D 41 3077 2 23 42 25 28
D 40 3075 2 18 41 26 28
D 16 3079 2 17 29 40 5
L 44 3070 -342
D 43 3069 2 15 44 13 5
D 47 3081 2 31 39 33 5
L 49 3086 -1638
D 48 3085 2 35 49 37 5
D 50 3081 2 31 32 33 28
D 46 3083 2 47 48 50 5
D 45 3079 2 17 46 40 5
D 51 3069 2 13 44 15 14
D 11 3071 3 12 16 43 45 51 5
L 53 3050 -20
D 52 3049 2 10 53 8 5
D 57 3077 2 23 42 25 5
D 56 3075 2 18 57 26 5
D 58 3083 2 30 48 38 5
D 60 3077 2 23 24 25 28
D 59 3075 2 18 60 26 28
D 55 3079 2 56 58 59 5
D 63 3073 2 19 27 21 5
D 64 3073 2 19 20 21 28
D 62 3075 2 63 22 64 5
D 65 3075 2 63 41 64 28
D 61 3079 2 62 58 65 5
D 54 3071 3 12 55 43 61 51 5
D 66 3049 2 8 53 10 9
D 6 3051 3 7 11 52 54 66 5
L 68 3046 -224
D 67 3045 2 4 68 2 5
D 73 3085 2 37 49 35 5
D 72 3083 2 30 73 38 5
D 71 3079 2 17 72 40 5
D 76 3081 2 33 32 31 5
D 77 3081 2 33 39 31 28
D 75 3083 2 76 48 77 5
D 74 3079 2 17 75 40 5
D 70 3071 3 12 71 43 74 51 5
D 81 3077 2 25 24 23 5
D 80 3075 2 18 81 26 5
D 83 3077 2 25 42 23 28
D 82 3075 2 18 83 26 28
D 79 3079 2 80 58 82 5
D 86 3073 2 21 20 19 5
D 87 3073 2 21 27 19 28
D 85 3075 2 86 22 87 5
D 88 3075 2 86 41 87 28
D 84 3079 2 85 58 88 5
D 78 3071 3 12 79 43 84 51 5
D 69 3051 3 7 70 52 78 66 5
D 89 3045 2 2 68 4 3
D 0 3047 3 1 6 67 69 89 5
