c ids of sdd nodes start at 0
c sdd nodes appear bottom-up, children before parents
c
c file syntax:
c sdd count-of-sdd-nodes
c F id-of-false-sdd-node
c T id-of-true-sdd-node
c L id-of-literal-sdd-node id-of-vtree literal
c D id-of-decomposition-sdd-node id-of-vtree number-of-elements {id-of-prime id-of-sub}*
c
sdd 90
L 2 36 -227
L 3 38 228
L 4 36 227
F 5
D 1 37 2 2 3 4 5
L 8 1664 -11
L 9 1666 12
L 10 1664 11
D 7 1665 2 8 9 10 5
L 13 2420 -225
L 14 2422 226
L 15 2420 225
D 12 2421 2 13 14 15 5
L 19 2424 -1639
L 20 2426 -1640
L 21 2424 1639
D 18 2425 2 19 20 21 5
L 23 2428 -1641
L 24 2430 -1642
L 25 2428 1641
D 22 2429 2 23 24 25 5
L 27 2426 1640
T 28
D 26 2425 2 19 27 21 28
D 17 2427 2 18 22 26 5
L 31 2432 -1643
L 32 2434 -1644
L 33 2432 1643
D 30 2433 2 31 32 33 5
L 35 2436 -1645
L 36 2438 1646
L 37 2436 1645
D 34 2437 2 35 36 37 5
L 39 2434 1644
D 38 2433 2 31 39 33 28
D 29 2435 2 30 34 38 5
L 42 2430 1642
D 41 2429 2 23 42 25 28
D 40 2427 2 18 41 26 28
D 16 2431 2 17 29 40 5
L 44 2422 -226
D 43 2421 2 15 44 13 5
L 48 2438 -1646
D 47 2437 2 37 48 35 5
D 46 2435 2 30 47 38 5
D 45 2431 2 17 46 40 5
D 49 2421 2 13 44 15 14
D 11 2423 3 12 16 43 45 49 5
L 51 1666 -12
D 50 1665 2 10 51 8 5
D 55 2433 2 31 39 33 5
D 56 2437 2 35 48 37 5
D 57 2433 2 31 32 33 28
D 54 2435 2 55 56 57 5
D 53 2431 2 17 54 40 5
D 60 2433 2 33 32 31 5
D 61 2433 2 33 39 31 28
D 59 2435 2 60 56 61 5
D 58 2431 2 17 59 40 5
D 52 2423 3 12 53 43 58 49 5
D 62 1665 2 8 51 10 9
D 6 1667 3 7 11 50 52 62 5
L 64 38 -228
D 63 37 2 4 64 2 5
D 69 2429 2 23 42 25 5
D 68 2427 2 18 69 26 5
D 70 2435 2 30 56 38 5
D 72 2429 2 23 24 25 28
D 71 2427 2 18 72 26 28
D 67 2431 2 68 70 71 5
D 75 2429 2 25 24 23 5
D 74 2427 2 18 75 26 5
D 77 2429 2 25 42 23 28
D 76 2427 2 18 77 26 28
D 73 2431 2 74 70 76 5
D 66 2423 3 12 67 43 73 49 5
D 81 2425 2 19 27 21 5
D 82 2425 2 19 20 21 28
D 80 2427 2 81 22 82 5
D 83 2427 2 81 41 82 28
D 79 2431 2 80 70 83 5
D 86 2425 2 21 20 19 5
D 87 2425 2 21 27 19 28
D 85 2427 2 86 22 87 5
D 88 2427 2 86 41 87 28
D 84 2431 2 85 70 88 5
D 78 2423 3 12 79 43 84 49 5
D 65 1667 3 7 66 50 78 62 5
D 89 37 2 2 64 4 3
D 0 39 3 1 6 63 65 89 5
