c ids of sdd nodes start at 0
c sdd nodes appear bottom-up, children before parents
c
c file syntax:
c sdd count-of-sdd-nodes
c F id-of-false-sdd-node
c T id-of-true-sdd-node
c L id-of-literal-sdd-node id-of-vtree literal
c D id-of-decomposition-sdd-node id-of-vtree number-of-elements {id-of-prime id-of-sub}*
c
sdd 90
L 2 36 -227
L 3 38 228
L 4 36 227
F 5
D 1 37 2 2 3 4 5
L 8 64 -9
L 9 66 10
L 10 64 9
D 7 65 2 8 9 10 5
L 13 3648 -607
L 14 3650 608
L 15 3648 607
D 12 3649 2 13 14 15 5
L 19 3652 -1647
L 20 3654 -1648
L 21 3652 1647
D 18 3653 2 19 20 21 5
L 23 3656 -1649
L 24 3658 -1650
L 25 3656 1649
D 22 3657 2 23 24 25 5
L 27 3654 1648
T 28
D 26 3653 2 19 27 21 28
D 17 3655 2 18 22 26 5
L 31 3660 -1651
L 32 3662 -1652
L 33 3660 1651
D 30 3661 2 31 32 33 5
L 35 3664 -1653
L 36 3666 1654
L 37 3664 1653
D 34 3665 2 35 36 37 5
L 39 3662 1652
D 38 3661 2 31 39 33 28
D 29 3663 2 30 34 38 5
L 42 3658 1650
D 41 3657 2 23 42 25 28
D 40 3655 2 18 41 26 28
D 16 3659 2 17 29 40 5
L 44 3650 -608
D 43 3649 2 15 44 13 5
D 47 3657 2 23 42 25 5
D 46 3655 2 18 47 26 5
L 50 3666 -1654
D 49 3665 2 35 50 37 5
D 48 3663 2 30 49 38 5
D 52 3657 2 23 24 25 28
D 51 3655 2 18 52 26 28
D 45 3659 2 46 48 51 5
D 53 3649 2 13 44 15 14
D 11 3651 3 12 16 43 45 53 5
L 55 66 -10
D 54 65 2 10 55 8 5
D 59 3661 2 31 39 33 5
D 60 3661 2 31 32 33 28
D 58 3663 2 59 49 60 5
D 57 3659 2 17 58 40 5
D 63 3653 2 19 27 21 5
D 64 3653 2 19 20 21 28
D 62 3655 2 63 22 64 5
D 65 3655 2 63 41 64 28
D 61 3659 2 62 48 65 5
D 56 3651 3 12 57 43 61 53 5
D 66 65 2 8 55 10 9
D 6 67 3 7 11 54 56 66 5
L 68 38 -228
D 67 37 2 4 68 2 5
D 73 3665 2 37 50 35 5
D 72 3663 2 30 73 38 5
D 71 3659 2 17 72 40 5
D 76 3657 2 25 24 23 5
D 75 3655 2 18 76 26 5
D 78 3657 2 25 42 23 28
D 77 3655 2 18 78 26 28
D 74 3659 2 75 48 77 5
D 70 3651 3 12 71 43 74 53 5
D 82 3661 2 33 32 31 5
D 83 3661 2 33 39 31 28
D 81 3663 2 82 49 83 5
D 80 3659 2 17 81 40 5
D 86 3653 2 21 20 19 5
D 87 3653 2 21 27 19 28
D 85 3655 2 86 22 87 5
D 88 3655 2 86 41 87 28
D 84 3659 2 85 48 88 5
D 79 3651 3 12 80 43 84 53 5
D 69 67 3 7 70 54 79 66 5
D 89 37 2 2 68 4 3
D 0 39 3 1 6 67 69 89 5
