c ids of sdd nodes start at 0
c sdd nodes appear bottom-up, children before parents
c
c file syntax:
c sdd count-of-sdd-nodes
c F id-of-false-sdd-node
c T id-of-true-sdd-node
c L id-of-literal-sdd-node id-of-vtree literal
c D id-of-decomposition-sdd-node id-of-vtree number-of-elements {id-of-prime id-of-sub}*
c
sdd 90
L 2 1668 -15
L 3 1670 16
L 4 1668 15
F 5
D 1 1669 2 2 3 4 5
L 8 2296 -229
L 9 2298 230
L 10 2296 229
D 7 2297 2 8 9 10 5
L 13 2400 -231
L 14 2402 232
L 15 2400 231
D 12 2401 2 13 14 15 5
L 19 2404 -1655
L 20 2406 -1656
L 21 2404 1655
D 18 2405 2 19 20 21 5
L 23 2408 -1657
L 24 2410 -1658
L 25 2408 1657
D 22 2409 2 23 24 25 5
L 27 2406 1656
T 28
D 26 2405 2 19 27 21 28
D 17 2407 2 18 22 26 5
L 31 2412 -1659
L 32 2414 -1660
L 33 2412 1659
D 30 2413 2 31 32 33 5
L 35 2416 -1661
L 36 2418 1662
L 37 2416 1661
D 34 2417 2 35 36 37 5
L 39 2414 1660
D 38 2413 2 31 39 33 28
D 29 2415 2 30 34 38 5
L 42 2410 1658
D 41 2409 2 23 42 25 28
D 40 2407 2 18 41 26 28
D 16 2411 2 17 29 40 5
L 44 2402 -232
D 43 2401 2 15 44 13 5
D 47 2409 2 23 42 25 5
D 46 2407 2 18 47 26 5
L 50 2418 -1662
D 49 2417 2 35 50 37 5
D 48 2415 2 30 49 38 5
D 52 2409 2 23 24 25 28
D 51 2407 2 18 52 26 28
D 45 2411 2 46 48 51 5
D 53 2401 2 13 44 15 14
D 11 2403 3 12 16 43 45 53 5
L 55 2298 -230
D 54 2297 2 10 55 8 5
D 59 2417 2 37 50 35 5
D 58 2415 2 30 59 38 5
D 57 2411 2 17 58 40 5
D 62 2409 2 25 24 23 5
D 61 2407 2 18 62 26 5
D 64 2409 2 25 42 23 28
D 63 2407 2 18 64 26 28
D 60 2411 2 61 48 63 5
D 56 2403 3 12 57 43 60 53 5
D 65 2297 2 8 55 10 9
D 6 2299 3 7 11 54 56 65 5
L 67 1670 -16
D 66 1669 2 4 67 2 5
D 72 2413 2 31 39 33 5
D 73 2413 2 31 32 33 28
D 71 2415 2 72 49 73 5
D 70 2411 2 17 71 40 5
D 76 2405 2 19 27 21 5
D 77 2405 2 19 20 21 28
D 75 2407 2 76 22 77 5
D 78 2407 2 76 41 77 28
D 74 2411 2 75 48 78 5
D 69 2403 3 12 70 43 74 53 5
D 82 2413 2 33 32 31 5
D 83 2413 2 33 39 31 28
D 81 2415 2 82 49 83 5
D 80 2411 2 17 81 40 5
D 86 2405 2 21 20 19 5
D 87 2405 2 21 27 19 28
D 85 2407 2 86 22 87 5
D 88 2407 2 86 41 87 28
D 84 2411 2 85 48 88 5
D 79 2403 3 12 80 43 84 53 5
D 68 2299 3 7 69 54 79 65 5
D 89 1669 2 2 67 4 3
D 0 1671 3 1 6 66 68 89 5
