c ids of sdd nodes start at 0
c sdd nodes appear bottom-up, children before parents
c
c file syntax:
c sdd count-of-sdd-nodes
c F id-of-false-sdd-node
c T id-of-true-sdd-node
c L id-of-literal-sdd-node id-of-vtree literal
c D id-of-decomposition-sdd-node id-of-vtree number-of-elements {id-of-prime id-of-sub}*
c
sdd 90
L 2 1684 -13
L 3 1686 14
L 4 1684 13
F 5
D 1 1685 2 2 3 4 5
L 8 2400 -231
L 9 2402 232
L 10 2400 231
D 7 2401 2 8 9 10 5
L 13 2420 -225
L 14 2422 226
L 15 2420 225
D 12 2421 2 13 14 15 5
L 19 2440 -1663
L 20 2442 -1664
L 21 2440 1663
D 18 2441 2 19 20 21 5
L 23 2444 -1665
L 24 2446 -1666
L 25 2444 1665
D 22 2445 2 23 24 25 5
L 27 2442 1664
T 28
D 26 2441 2 19 27 21 28
D 17 2443 2 18 22 26 5
L 31 2448 -1667
L 32 2450 -1668
L 33 2448 1667
D 30 2449 2 31 32 33 5
L 35 2452 -1669
L 36 2454 1670
L 37 2452 1669
D 34 2453 2 35 36 37 5
L 39 2450 1668
D 38 2449 2 31 39 33 28
D 29 2451 2 30 34 38 5
L 42 2446 1666
D 41 2445 2 23 42 25 28
D 40 2443 2 18 41 26 28
D 16 2447 2 17 29 40 5
L 44 2422 -226
D 43 2421 2 15 44 13 5
D 47 2445 2 23 42 25 5
D 46 2443 2 18 47 26 5
L 50 2454 -1670
D 49 2453 2 35 50 37 5
D 48 2451 2 30 49 38 5
D 52 2445 2 23 24 25 28
D 51 2443 2 18 52 26 28
D 45 2447 2 46 48 51 5
D 53 2421 2 13 44 15 14
D 11 2423 3 12 16 43 45 53 5
L 55 2402 -232
D 54 2401 2 10 55 8 5
D 59 2453 2 37 50 35 5
D 58 2451 2 30 59 38 5
D 57 2447 2 17 58 40 5
D 62 2445 2 25 24 23 5
D 61 2443 2 18 62 26 5
D 64 2445 2 25 42 23 28
D 63 2443 2 18 64 26 28
D 60 2447 2 61 48 63 5
D 56 2423 3 12 57 43 60 53 5
D 65 2401 2 8 55 10 9
D 6 2403 3 7 11 54 56 65 5
L 67 1686 -14
D 66 1685 2 4 67 2 5
D 72 2449 2 31 39 33 5
D 73 2449 2 31 32 33 28
D 71 2451 2 72 49 73 5
D 70 2447 2 17 71 40 5
D 76 2441 2 19 27 21 5
D 77 2441 2 19 20 21 28
D 75 2443 2 76 22 77 5
D 78 2443 2 76 41 77 28
D 74 2447 2 75 48 78 5
D 69 2423 3 12 70 43 74 53 5
D 82 2449 2 33 32 31 5
D 83 2449 2 33 39 31 28
D 81 2451 2 82 49 83 5
D 80 2447 2 17 81 40 5
D 86 2441 2 21 20 19 5
D 87 2441 2 21 27 19 28
D 85 2443 2 86 22 87 5
D 88 2443 2 86 41 87 28
D 84 2447 2 85 48 88 5
D 79 2423 3 12 80 43 84 53 5
D 68 2403 3 7 69 54 79 65 5
D 89 1685 2 2 67 4 3
D 0 1687 3 1 6 66 68 89 5
