c ids of sdd nodes start at 0
c sdd nodes appear bottom-up, children before parents
c
c file syntax:
c sdd count-of-sdd-nodes
c F id-of-false-sdd-node
c T id-of-true-sdd-node
c L id-of-literal-sdd-node id-of-vtree literal
c D id-of-decomposition-sdd-node id-of-vtree number-of-elements {id-of-prime id-of-sub}*
c
sdd 90
L 2 2292 -235
L 3 2294 236
L 4 2292 235
F 5
D 1 2293 2 2 3 4 5
L 8 2296 -229
L 9 2298 230
L 10 2296 229
D 7 2297 2 8 9 10 5
L 13 2552 -1
L 14 2554 2
L 15 2552 1
D 12 2553 2 13 14 15 5
L 19 2588 -1679
L 20 2590 -1680
L 21 2588 1679
D 18 2589 2 19 20 21 5
L 23 2592 -1681
L 24 2594 -1682
L 25 2592 1681
D 22 2593 2 23 24 25 5
L 27 2590 1680
T 28
D 26 2589 2 19 27 21 28
D 17 2591 2 18 22 26 5
L 31 2596 -1683
L 32 2598 -1684
L 33 2596 1683
D 30 2597 2 31 32 33 5
L 35 2600 -1685
L 36 2602 1686
L 37 2600 1685
D 34 2601 2 35 36 37 5
L 39 2598 1684
D 38 2597 2 31 39 33 28
D 29 2599 2 30 34 38 5
L 42 2594 1682
D 41 2593 2 23 42 25 28
D 40 2591 2 18 41 26 28
D 16 2595 2 17 29 40 5
L 44 2554 -2
D 43 2553 2 15 44 13 5
D 47 2597 2 31 39 33 5
L 49 2602 -1686
D 48 2601 2 35 49 37 5
D 50 2597 2 31 32 33 28
D 46 2599 2 47 48 50 5
D 45 2595 2 17 46 40 5
D 51 2553 2 13 44 15 14
D 11 2555 3 12 16 43 45 51 5
L 53 2298 -230
D 52 2297 2 10 53 8 5
D 57 2593 2 23 42 25 5
D 56 2591 2 18 57 26 5
D 58 2599 2 30 48 38 5
D 60 2593 2 23 24 25 28
D 59 2591 2 18 60 26 28
D 55 2595 2 56 58 59 5
D 63 2589 2 19 27 21 5
D 64 2589 2 19 20 21 28
D 62 2591 2 63 22 64 5
D 65 2591 2 63 41 64 28
D 61 2595 2 62 58 65 5
D 54 2555 3 12 55 43 61 51 5
D 66 2297 2 8 53 10 9
D 6 2299 3 7 11 52 54 66 5
L 68 2294 -236
D 67 2293 2 4 68 2 5
D 73 2601 2 37 49 35 5
D 72 2599 2 30 73 38 5
D 71 2595 2 17 72 40 5
D 76 2597 2 33 32 31 5
D 77 2597 2 33 39 31 28
D 75 2599 2 76 48 77 5
D 74 2595 2 17 75 40 5
D 70 2555 3 12 71 43 74 51 5
D 81 2593 2 25 24 23 5
D 80 2591 2 18 81 26 5
D 83 2593 2 25 42 23 28
D 82 2591 2 18 83 26 28
D 79 2595 2 80 58 82 5
D 86 2589 2 21 20 19 5
D 87 2589 2 21 27 19 28
D 85 2591 2 86 22 87 5
D 88 2591 2 86 41 87 28
D 84 2595 2 85 58 88 5
D 78 2555 3 12 79 43 84 51 5
D 69 2299 3 7 70 52 78 66 5
D 89 2293 2 2 68 4 3
D 0 2295 3 1 6 67 69 89 5
