c ids of sdd nodes start at 0
c sdd nodes appear bottom-up, children before parents
c
c file syntax:
c sdd count-of-sdd-nodes
c F id-of-false-sdd-node
c T id-of-true-sdd-node
c L id-of-literal-sdd-node id-of-vtree literal
c D id-of-decomposition-sdd-node id-of-vtree number-of-elements {id-of-prime id-of-sub}*
c
sdd 90
L 2 40 -21
L 3 42 22
L 4 40 21
F 5
D 1 41 2 2 3 4 5
L 8 76 -23
L 9 78 24
L 10 76 23
D 7 77 2 8 9 10 5
L 13 1024 -457
L 14 1026 458
L 15 1024 457
D 12 1025 2 13 14 15 5
L 19 1028 -889
L 20 1030 -890
L 21 1028 889
D 18 1029 2 19 20 21 5
L 23 1032 -891
L 24 1034 -892
L 25 1032 891
D 22 1033 2 23 24 25 5
L 27 1030 890
T 28
D 26 1029 2 19 27 21 28
D 17 1031 2 18 22 26 5
L 31 1036 -893
L 32 1038 -894
L 33 1036 893
D 30 1037 2 31 32 33 5
L 35 1040 -895
L 36 1042 896
L 37 1040 895
D 34 1041 2 35 36 37 5
L 39 1038 894
D 38 1037 2 31 39 33 28
D 29 1039 2 30 34 38 5
L 42 1034 892
D 41 1033 2 23 42 25 28
D 40 1031 2 18 41 26 28
D 16 1035 2 17 29 40 5
L 44 1026 -458
D 43 1025 2 15 44 13 5
D 47 1037 2 31 39 33 5
L 49 1042 -896
D 48 1041 2 35 49 37 5
D 50 1037 2 31 32 33 28
D 46 1039 2 47 48 50 5
D 45 1035 2 17 46 40 5
D 51 1025 2 13 44 15 14
D 11 1027 3 12 16 43 45 51 5
L 53 78 -24
D 52 77 2 10 53 8 5
D 57 1041 2 37 49 35 5
D 56 1039 2 30 57 38 5
D 55 1035 2 17 56 40 5
D 60 1037 2 33 32 31 5
D 61 1037 2 33 39 31 28
D 59 1039 2 60 48 61 5
D 58 1035 2 17 59 40 5
D 54 1027 3 12 55 43 58 51 5
D 62 77 2 8 53 10 9
D 6 79 3 7 11 52 54 62 5
L 64 42 -22
D 63 41 2 4 64 2 5
D 69 1033 2 23 42 25 5
D 68 1031 2 18 69 26 5
D 70 1039 2 30 48 38 5
D 72 1033 2 23 24 25 28
D 71 1031 2 18 72 26 28
D 67 1035 2 68 70 71 5
D 75 1029 2 19 27 21 5
D 76 1029 2 19 20 21 28
D 74 1031 2 75 22 76 5
D 77 1031 2 75 41 76 28
D 73 1035 2 74 70 77 5
D 66 1027 3 12 67 43 73 51 5
D 81 1033 2 25 24 23 5
D 80 1031 2 18 81 26 5
D 83 1033 2 25 42 23 28
D 82 1031 2 18 83 26 28
D 79 1035 2 80 70 82 5
D 86 1029 2 21 20 19 5
D 87 1029 2 21 27 19 28
D 85 1031 2 86 22 87 5
D 88 1031 2 86 41 87 28
D 84 1035 2 85 70 88 5
D 78 1027 3 12 79 43 84 51 5
D 65 79 3 7 66 52 78 62 5
D 89 41 2 2 64 4 3
D 0 43 3 1 6 63 65 89 5
