c ids of sdd nodes start at 0
c sdd nodes appear bottom-up, children before parents
c
c file syntax:
c sdd count-of-sdd-nodes
c F id-of-false-sdd-node
c T id-of-true-sdd-node
c L id-of-literal-sdd-node id-of-vtree literal
c D id-of-decomposition-sdd-node id-of-vtree number-of-elements {id-of-prime id-of-sub}*
c
sdd 90
L 2 0 -243
L 3 2 244
L 4 0 243
F 5
D 1 1 2 2 3 4 5
L 8 28 -571
L 9 30 572
L 10 28 571
D 7 29 2 8 9 10 5
L 13 844 -241
L 14 846 242
L 15 844 241
D 12 845 2 13 14 15 5
L 19 848 -1703
L 20 850 -1704
L 21 848 1703
D 18 849 2 19 20 21 5
L 23 852 -1705
L 24 854 -1706
L 25 852 1705
D 22 853 2 23 24 25 5
L 27 850 1704
T 28
D 26 849 2 19 27 21 28
D 17 851 2 18 22 26 5
L 31 856 -1707
L 32 858 -1708
L 33 856 1707
D 30 857 2 31 32 33 5
L 35 860 -1709
L 36 862 1710
L 37 860 1709
D 34 861 2 35 36 37 5
L 39 858 1708
D 38 857 2 31 39 33 28
D 29 859 2 30 34 38 5
L 42 854 1706
D 41 853 2 23 42 25 28
D 40 851 2 18 41 26 28
D 16 855 2 17 29 40 5
L 44 846 -242
D 43 845 2 15 44 13 5
L 48 862 -1710
D 47 861 2 37 48 35 5
D 46 859 2 30 47 38 5
D 45 855 2 17 46 40 5
D 49 845 2 13 44 15 14
D 11 847 3 12 16 43 45 49 5
L 51 30 -572
D 50 29 2 10 51 8 5
D 55 857 2 31 39 33 5
D 56 861 2 35 48 37 5
D 57 857 2 31 32 33 28
D 54 859 2 55 56 57 5
D 53 855 2 17 54 40 5
D 60 857 2 33 32 31 5
D 61 857 2 33 39 31 28
D 59 859 2 60 56 61 5
D 58 855 2 17 59 40 5
D 52 847 3 12 53 43 58 49 5
D 62 29 2 8 51 10 9
D 6 31 3 7 11 50 52 62 5
L 64 2 -244
D 63 1 2 4 64 2 5
D 69 853 2 23 42 25 5
D 68 851 2 18 69 26 5
D 70 859 2 30 56 38 5
D 72 853 2 23 24 25 28
D 71 851 2 18 72 26 28
D 67 855 2 68 70 71 5
D 75 853 2 25 24 23 5
D 74 851 2 18 75 26 5
D 77 853 2 25 42 23 28
D 76 851 2 18 77 26 28
D 73 855 2 74 70 76 5
D 66 847 3 12 67 43 73 49 5
D 81 849 2 19 27 21 5
D 82 849 2 19 20 21 28
D 80 851 2 81 22 82 5
D 83 851 2 81 41 82 28
D 79 855 2 80 70 83 5
D 86 849 2 21 20 19 5
D 87 849 2 21 27 19 28
D 85 851 2 86 22 87 5
D 88 851 2 86 41 87 28
D 84 855 2 85 70 88 5
D 78 847 3 12 79 43 84 49 5
D 65 31 3 7 66 50 78 62 5
D 89 1 2 2 64 4 3
D 0 3 3 1 6 63 65 89 5
