c ids of sdd nodes start at 0
c sdd nodes appear bottom-up, children before parents
c
c file syntax:
c sdd count-of-sdd-nodes
c F id-of-false-sdd-node
c T id-of-true-sdd-node
c L id-of-literal-sdd-node id-of-vtree literal
c D id-of-decomposition-sdd-node id-of-vtree number-of-elements {id-of-prime id-of-sub}*
c
sdd 90
L 2 144 -245
L 3 146 246
L 4 144 245
F 5
D 1 145 2 2 3 4 5
L 8 880 -247
L 9 882 248
L 10 880 247
D 7 881 2 8 9 10 5
L 13 900 -575
L 14 902 576
L 15 900 575
D 12 901 2 13 14 15 5
L 19 904 -1719
L 20 906 -1720
L 21 904 1719
D 18 905 2 19 20 21 5
L 23 908 -1721
L 24 910 -1722
L 25 908 1721
D 22 909 2 23 24 25 5
L 27 906 1720
T 28
D 26 905 2 19 27 21 28
D 17 907 2 18 22 26 5
L 31 912 -1723
L 32 914 -1724
L 33 912 1723
D 30 913 2 31 32 33 5
L 35 916 -1725
L 36 918 1726
L 37 916 1725
D 34 917 2 35 36 37 5
L 39 914 1724
D 38 913 2 31 39 33 28
D 29 915 2 30 34 38 5
L 42 910 1722
D 41 909 2 23 42 25 28
D 40 907 2 18 41 26 28
D 16 911 2 17 29 40 5
L 44 902 -576
D 43 901 2 15 44 13 5
D 47 913 2 31 39 33 5
L 49 918 -1726
D 48 917 2 35 49 37 5
D 50 913 2 31 32 33 28
D 46 915 2 47 48 50 5
D 45 911 2 17 46 40 5
D 51 901 2 13 44 15 14
D 11 903 3 12 16 43 45 51 5
L 53 882 -248
D 52 881 2 10 53 8 5
D 57 909 2 23 42 25 5
D 56 907 2 18 57 26 5
D 58 915 2 30 48 38 5
D 60 909 2 23 24 25 28
D 59 907 2 18 60 26 28
D 55 911 2 56 58 59 5
D 63 905 2 19 27 21 5
D 64 905 2 19 20 21 28
D 62 907 2 63 22 64 5
D 65 907 2 63 41 64 28
D 61 911 2 62 58 65 5
D 54 903 3 12 55 43 61 51 5
D 66 881 2 8 53 10 9
D 6 883 3 7 11 52 54 66 5
L 68 146 -246
D 67 145 2 4 68 2 5
D 73 917 2 37 49 35 5
D 72 915 2 30 73 38 5
D 71 911 2 17 72 40 5
D 76 913 2 33 32 31 5
D 77 913 2 33 39 31 28
D 75 915 2 76 48 77 5
D 74 911 2 17 75 40 5
D 70 903 3 12 71 43 74 51 5
D 81 909 2 25 24 23 5
D 80 907 2 18 81 26 5
D 83 909 2 25 42 23 28
D 82 907 2 18 83 26 28
D 79 911 2 80 58 82 5
D 86 905 2 21 20 19 5
D 87 905 2 21 27 19 28
D 85 907 2 86 22 87 5
D 88 907 2 86 41 87 28
D 84 911 2 85 58 88 5
D 78 903 3 12 79 43 84 51 5
D 69 883 3 7 70 52 78 66 5
D 89 145 2 2 68 4 3
D 0 147 3 1 6 67 69 89 5
