c ids of sdd nodes start at 0
c sdd nodes appear bottom-up, children before parents
c
c file syntax:
c sdd count-of-sdd-nodes
c F id-of-false-sdd-node
c T id-of-true-sdd-node
c L id-of-literal-sdd-node id-of-vtree literal
c D id-of-decomposition-sdd-node id-of-vtree number-of-elements {id-of-prime id-of-sub}*
c
sdd 90
L 2 844 -241
L 3 846 242
L 4 844 241
F 5
D 1 845 2 2 3 4 5
L 8 880 -247
L 9 882 248
L 10 880 247
D 7 881 2 8 9 10 5
L 13 928 -573
L 14 930 574
L 15 928 573
D 12 929 2 13 14 15 5
L 19 932 -1727
L 20 934 -1728
L 21 932 1727
D 18 933 2 19 20 21 5
L 23 936 -1729
L 24 938 -1730
L 25 936 1729
D 22 937 2 23 24 25 5
L 27 934 1728
T 28
D 26 933 2 19 27 21 28
D 17 935 2 18 22 26 5
L 31 940 -1731
L 32 942 -1732
L 33 940 1731
D 30 941 2 31 32 33 5
L 35 944 -1733
L 36 946 1734
L 37 944 1733
D 34 945 2 35 36 37 5
L 39 942 1732
D 38 941 2 31 39 33 28
D 29 943 2 30 34 38 5
L 42 938 1730
D 41 937 2 23 42 25 28
D 40 935 2 18 41 26 28
D 16 939 2 17 29 40 5
L 44 930 -574
D 43 929 2 15 44 13 5
D 47 941 2 31 39 33 5
L 49 946 -1734
D 48 945 2 35 49 37 5
D 50 941 2 31 32 33 28
D 46 943 2 47 48 50 5
D 45 939 2 17 46 40 5
D 51 929 2 13 44 15 14
D 11 931 3 12 16 43 45 51 5
L 53 882 -248
D 52 881 2 10 53 8 5
D 57 945 2 37 49 35 5
D 56 943 2 30 57 38 5
D 55 939 2 17 56 40 5
D 60 941 2 33 32 31 5
D 61 941 2 33 39 31 28
D 59 943 2 60 48 61 5
D 58 939 2 17 59 40 5
D 54 931 3 12 55 43 58 51 5
D 62 881 2 8 53 10 9
D 6 883 3 7 11 52 54 62 5
L 64 846 -242
D 63 845 2 4 64 2 5
D 69 937 2 23 42 25 5
D 68 935 2 18 69 26 5
D 70 943 2 30 48 38 5
D 72 937 2 23 24 25 28
D 71 935 2 18 72 26 28
D 67 939 2 68 70 71 5
D 75 933 2 19 27 21 5
D 76 933 2 19 20 21 28
D 74 935 2 75 22 76 5
D 77 935 2 75 41 76 28
D 73 939 2 74 70 77 5
D 66 931 3 12 67 43 73 51 5
D 81 937 2 25 24 23 5
D 80 935 2 18 81 26 5
D 83 937 2 25 42 23 28
D 82 935 2 18 83 26 28
D 79 939 2 80 70 82 5
D 86 933 2 21 20 19 5
D 87 933 2 21 27 19 28
D 85 935 2 86 22 87 5
D 88 935 2 86 41 87 28
D 84 939 2 85 70 88 5
D 78 931 3 12 79 43 84 51 5
D 65 883 3 7 66 52 78 62 5
D 89 845 2 2 64 4 3
D 0 847 3 1 6 63 65 89 5
