c ids of sdd nodes start at 0
c sdd nodes appear bottom-up, children before parents
c
c file syntax:
c sdd count-of-sdd-nodes
c F id-of-false-sdd-node
c T id-of-true-sdd-node
c L id-of-literal-sdd-node id-of-vtree literal
c D id-of-decomposition-sdd-node id-of-vtree number-of-elements {id-of-prime id-of-sub}*
c
sdd 90
L 2 6024 -577
L 3 6026 578
L 4 6024 577
F 5
D 1 6025 2 2 3 4 5
L 8 6028 -275
L 9 6030 276
L 10 6028 275
D 7 6029 2 8 9 10 5
L 13 6132 -251
L 14 6134 252
L 15 6132 251
D 12 6133 2 13 14 15 5
L 19 6136 -1743
L 20 6138 -1744
L 21 6136 1743
D 18 6137 2 19 20 21 5
L 23 6140 -1745
L 24 6142 -1746
L 25 6140 1745
D 22 6141 2 23 24 25 5
L 27 6138 1744
T 28
D 26 6137 2 19 27 21 28
D 17 6139 2 18 22 26 5
L 31 6144 -1747
L 32 6146 -1748
L 33 6144 1747
D 30 6145 2 31 32 33 5
L 35 6148 -1749
L 36 6150 1750
L 37 6148 1749
D 34 6149 2 35 36 37 5
L 39 6146 1748
D 38 6145 2 31 39 33 28
D 29 6147 2 30 34 38 5
L 42 6142 1746
D 41 6141 2 23 42 25 28
D 40 6139 2 18 41 26 28
D 16 6143 2 17 29 40 5
L 44 6134 -252
D 43 6133 2 15 44 13 5
L 48 6150 -1750
D 47 6149 2 37 48 35 5
D 46 6147 2 30 47 38 5
D 45 6143 2 17 46 40 5
D 49 6133 2 13 44 15 14
D 11 6135 3 12 16 43 45 49 5
L 51 6030 -276
D 50 6029 2 10 51 8 5
D 55 6141 2 23 42 25 5
D 54 6139 2 18 55 26 5
D 57 6149 2 35 48 37 5
D 56 6147 2 30 57 38 5
D 59 6141 2 23 24 25 28
D 58 6139 2 18 59 26 28
D 53 6143 2 54 56 58 5
D 62 6141 2 25 24 23 5
D 61 6139 2 18 62 26 5
D 64 6141 2 25 42 23 28
D 63 6139 2 18 64 26 28
D 60 6143 2 61 56 63 5
D 52 6135 3 12 53 43 60 49 5
D 65 6029 2 8 51 10 9
D 6 6031 3 7 11 50 52 65 5
L 67 6026 -578
D 66 6025 2 4 67 2 5
D 72 6145 2 31 39 33 5
D 73 6145 2 31 32 33 28
D 71 6147 2 72 57 73 5
D 70 6143 2 17 71 40 5
D 76 6145 2 33 32 31 5
D 77 6145 2 33 39 31 28
D 75 6147 2 76 57 77 5
D 74 6143 2 17 75 40 5
D 69 6135 3 12 70 43 74 49 5
D 81 6137 2 19 27 21 5
D 82 6137 2 19 20 21 28
D 80 6139 2 81 22 82 5
D 83 6139 2 81 41 82 28
D 79 6143 2 80 56 83 5
D 86 6137 2 21 20 19 5
D 87 6137 2 21 27 19 28
D 85 6139 2 86 22 87 5
D 88 6139 2 86 41 87 28
D 84 6143 2 85 56 88 5
D 78 6135 3 12 79 43 84 49 5
D 68 6031 3 7 69 50 78 65 5
D 89 6025 2 2 67 4 3
D 0 6027 3 1 6 66 68 89 5
