c ids of sdd nodes start at 0
c sdd nodes appear bottom-up, children before parents
c
c file syntax:
c sdd count-of-sdd-nodes
c F id-of-false-sdd-node
c T id-of-true-sdd-node
c L id-of-literal-sdd-node id-of-vtree literal
c D id-of-decomposition-sdd-node id-of-vtree number-of-elements {id-of-prime id-of-sub}*
c
sdd 90
L 2 6008 -583
L 3 6010 584
L 4 6008 583
F 5
D 1 6009 2 2 3 4 5
L 8 6016 -255
L 9 6018 256
L 10 6016 255
D 7 6017 2 8 9 10 5
L 13 6416 -253
L 14 6418 254
L 15 6416 253
D 12 6417 2 13 14 15 5
L 19 6420 -1751
L 20 6422 -1752
L 21 6420 1751
D 18 6421 2 19 20 21 5
L 23 6424 -1753
L 24 6426 -1754
L 25 6424 1753
D 22 6425 2 23 24 25 5
L 27 6422 1752
T 28
D 26 6421 2 19 27 21 28
D 17 6423 2 18 22 26 5
L 31 6428 -1755
L 32 6430 -1756
L 33 6428 1755
D 30 6429 2 31 32 33 5
L 35 6432 -1757
L 36 6434 1758
L 37 6432 1757
D 34 6433 2 35 36 37 5
L 39 6430 1756
D 38 6429 2 31 39 33 28
D 29 6431 2 30 34 38 5
L 42 6426 1754
D 41 6425 2 23 42 25 28
D 40 6423 2 18 41 26 28
D 16 6427 2 17 29 40 5
L 44 6418 -254
D 43 6417 2 15 44 13 5
L 48 6434 -1758
D 47 6433 2 37 48 35 5
D 46 6431 2 30 47 38 5
D 45 6427 2 17 46 40 5
D 49 6417 2 13 44 15 14
D 11 6419 3 12 16 43 45 49 5
L 51 6018 -256
D 50 6017 2 10 51 8 5
D 55 6425 2 23 42 25 5
D 54 6423 2 18 55 26 5
D 57 6433 2 35 48 37 5
D 56 6431 2 30 57 38 5
D 59 6425 2 23 24 25 28
D 58 6423 2 18 59 26 28
D 53 6427 2 54 56 58 5
D 62 6425 2 25 24 23 5
D 61 6423 2 18 62 26 5
D 64 6425 2 25 42 23 28
D 63 6423 2 18 64 26 28
D 60 6427 2 61 56 63 5
D 52 6419 3 12 53 43 60 49 5
D 65 6017 2 8 51 10 9
D 6 6019 3 7 11 50 52 65 5
L 67 6010 -584
D 66 6009 2 4 67 2 5
D 72 6429 2 31 39 33 5
D 73 6429 2 31 32 33 28
D 71 6431 2 72 57 73 5
D 70 6427 2 17 71 40 5
D 76 6429 2 33 32 31 5
D 77 6429 2 33 39 31 28
D 75 6431 2 76 57 77 5
D 74 6427 2 17 75 40 5
D 69 6419 3 12 70 43 74 49 5
D 81 6421 2 19 27 21 5
D 82 6421 2 19 20 21 28
D 80 6423 2 81 22 82 5
D 83 6423 2 81 41 82 28
D 79 6427 2 80 56 83 5
D 86 6421 2 21 20 19 5
D 87 6421 2 21 27 19 28
D 85 6423 2 86 22 87 5
D 88 6423 2 86 41 87 28
D 84 6427 2 85 56 88 5
D 78 6419 3 12 79 43 84 49 5
D 68 6019 3 7 69 50 78 65 5
D 89 6009 2 2 67 4 3
D 0 6011 3 1 6 66 68 89 5
