c ids of sdd nodes start at 0
c sdd nodes appear bottom-up, children before parents
c
c file syntax:
c sdd count-of-sdd-nodes
c F id-of-false-sdd-node
c T id-of-true-sdd-node
c L id-of-literal-sdd-node id-of-vtree literal
c D id-of-decomposition-sdd-node id-of-vtree number-of-elements {id-of-prime id-of-sub}*
c
sdd 90
L 2 6016 -255
L 3 6018 256
L 4 6016 255
F 5
D 1 6017 2 2 3 4 5
L 8 6168 -249
L 9 6170 250
L 10 6168 249
D 7 6169 2 8 9 10 5
L 13 6188 -581
L 14 6190 582
L 15 6188 581
D 12 6189 2 13 14 15 5
L 19 6192 -1759
L 20 6194 -1760
L 21 6192 1759
D 18 6193 2 19 20 21 5
L 23 6196 -1761
L 24 6198 -1762
L 25 6196 1761
D 22 6197 2 23 24 25 5
L 27 6194 1760
T 28
D 26 6193 2 19 27 21 28
D 17 6195 2 18 22 26 5
L 31 6200 -1763
L 32 6202 -1764
L 33 6200 1763
D 30 6201 2 31 32 33 5
L 35 6204 -1765
L 36 6206 1766
L 37 6204 1765
D 34 6205 2 35 36 37 5
L 39 6202 1764
D 38 6201 2 31 39 33 28
D 29 6203 2 30 34 38 5
L 42 6198 1762
D 41 6197 2 23 42 25 28
D 40 6195 2 18 41 26 28
D 16 6199 2 17 29 40 5
L 44 6190 -582
D 43 6189 2 15 44 13 5
D 47 6201 2 31 39 33 5
L 49 6206 -1766
D 48 6205 2 35 49 37 5
D 50 6201 2 31 32 33 28
D 46 6203 2 47 48 50 5
D 45 6199 2 17 46 40 5
D 51 6189 2 13 44 15 14
D 11 6191 3 12 16 43 45 51 5
L 53 6170 -250
D 52 6169 2 10 53 8 5
D 57 6197 2 23 42 25 5
D 56 6195 2 18 57 26 5
D 58 6203 2 30 48 38 5
D 60 6197 2 23 24 25 28
D 59 6195 2 18 60 26 28
D 55 6199 2 56 58 59 5
D 63 6193 2 19 27 21 5
D 64 6193 2 19 20 21 28
D 62 6195 2 63 22 64 5
D 65 6195 2 63 41 64 28
D 61 6199 2 62 58 65 5
D 54 6191 3 12 55 43 61 51 5
D 66 6169 2 8 53 10 9
D 6 6171 3 7 11 52 54 66 5
L 68 6018 -256
D 67 6017 2 4 68 2 5
D 73 6205 2 37 49 35 5
D 72 6203 2 30 73 38 5
D 71 6199 2 17 72 40 5
D 76 6201 2 33 32 31 5
D 77 6201 2 33 39 31 28
D 75 6203 2 76 48 77 5
D 74 6199 2 17 75 40 5
D 70 6191 3 12 71 43 74 51 5
D 81 6197 2 25 24 23 5
D 80 6195 2 18 81 26 5
D 83 6197 2 25 42 23 28
D 82 6195 2 18 83 26 28
D 79 6199 2 80 58 82 5
D 86 6193 2 21 20 19 5
D 87 6193 2 21 27 19 28
D 85 6195 2 86 22 87 5
D 88 6195 2 86 41 87 28
D 84 6199 2 85 58 88 5
D 78 6191 3 12 79 43 84 51 5
D 69 6171 3 7 70 52 78 66 5
D 89 6017 2 2 68 4 3
D 0 6019 3 1 6 67 69 89 5
