c ids of sdd nodes start at 0
c sdd nodes appear bottom-up, children before parents
c
c file syntax:
c sdd count-of-sdd-nodes
c F id-of-false-sdd-node
c T id-of-true-sdd-node
c L id-of-literal-sdd-node id-of-vtree literal
c D id-of-decomposition-sdd-node id-of-vtree number-of-elements {id-of-prime id-of-sub}*
c
sdd 90
L 2 324 -259
L 3 326 260
L 4 324 259
F 5
D 1 325 2 2 3 4 5
L 8 360 -257
L 9 362 258
L 10 360 257
D 7 361 2 8 9 10 5
L 13 380 -587
L 14 382 588
L 15 380 587
D 12 381 2 13 14 15 5
L 19 384 -1767
L 20 386 -1768
L 21 384 1767
D 18 385 2 19 20 21 5
L 23 388 -1769
L 24 390 -1770
L 25 388 1769
D 22 389 2 23 24 25 5
L 27 386 1768
T 28
D 26 385 2 19 27 21 28
D 17 387 2 18 22 26 5
L 31 392 -1771
L 32 394 -1772
L 33 392 1771
D 30 393 2 31 32 33 5
L 35 396 -1773
L 36 398 1774
L 37 396 1773
D 34 397 2 35 36 37 5
L 39 394 1772
D 38 393 2 31 39 33 28
D 29 395 2 30 34 38 5
L 42 390 1770
D 41 389 2 23 42 25 28
D 40 387 2 18 41 26 28
D 16 391 2 17 29 40 5
L 44 382 -588
D 43 381 2 15 44 13 5
D 47 393 2 31 39 33 5
L 49 398 -1774
D 48 397 2 35 49 37 5
D 50 393 2 31 32 33 28
D 46 395 2 47 48 50 5
D 45 391 2 17 46 40 5
D 51 381 2 13 44 15 14
D 11 383 3 12 16 43 45 51 5
L 53 362 -258
D 52 361 2 10 53 8 5
D 57 397 2 37 49 35 5
D 56 395 2 30 57 38 5
D 55 391 2 17 56 40 5
D 60 393 2 33 32 31 5
D 61 393 2 33 39 31 28
D 59 395 2 60 48 61 5
D 58 391 2 17 59 40 5
D 54 383 3 12 55 43 58 51 5
D 62 361 2 8 53 10 9
D 6 363 3 7 11 52 54 62 5
L 64 326 -260
D 63 325 2 4 64 2 5
D 69 389 2 23 42 25 5
D 68 387 2 18 69 26 5
D 70 395 2 30 48 38 5
D 72 389 2 23 24 25 28
D 71 387 2 18 72 26 28
D 67 391 2 68 70 71 5
D 75 385 2 19 27 21 5
D 76 385 2 19 20 21 28
D 74 387 2 75 22 76 5
D 77 387 2 75 41 76 28
D 73 391 2 74 70 77 5
D 66 383 3 12 67 43 73 51 5
D 81 389 2 25 24 23 5
D 80 387 2 18 81 26 5
D 83 389 2 25 42 23 28
D 82 387 2 18 83 26 28
D 79 391 2 80 70 82 5
D 86 385 2 21 20 19 5
D 87 385 2 21 27 19 28
D 85 387 2 86 22 87 5
D 88 387 2 86 41 87 28
D 84 391 2 85 70 88 5
D 78 383 3 12 79 43 84 51 5
D 65 363 3 7 66 52 78 62 5
D 89 325 2 2 64 4 3
D 0 327 3 1 6 63 65 89 5
