c ids of sdd nodes start at 0
c sdd nodes appear bottom-up, children before parents
c
c file syntax:
c sdd count-of-sdd-nodes
c F id-of-false-sdd-node
c T id-of-true-sdd-node
c L id-of-literal-sdd-node id-of-vtree literal
c D id-of-decomposition-sdd-node id-of-vtree number-of-elements {id-of-prime id-of-sub}*
c
sdd 90
L 2 128 -585
L 3 130 586
L 4 128 585
F 5
D 1 129 2 2 3 4 5
L 8 144 -245
L 9 146 246
L 10 144 245
D 7 145 2 8 9 10 5
L 13 324 -259
L 14 326 260
L 15 324 259
D 12 325 2 13 14 15 5
L 19 328 -1775
L 20 330 -1776
L 21 328 1775
D 18 329 2 19 20 21 5
L 23 332 -1777
L 24 334 -1778
L 25 332 1777
D 22 333 2 23 24 25 5
L 27 330 1776
T 28
D 26 329 2 19 27 21 28
D 17 331 2 18 22 26 5
L 31 336 -1779
L 32 338 -1780
L 33 336 1779
D 30 337 2 31 32 33 5
L 35 340 -1781
L 36 342 1782
L 37 340 1781
D 34 341 2 35 36 37 5
L 39 338 1780
D 38 337 2 31 39 33 28
D 29 339 2 30 34 38 5
L 42 334 1778
D 41 333 2 23 42 25 28
D 40 331 2 18 41 26 28
D 16 335 2 17 29 40 5
L 44 326 -260
D 43 325 2 15 44 13 5
L 48 342 -1782
D 47 341 2 37 48 35 5
D 46 339 2 30 47 38 5
D 45 335 2 17 46 40 5
D 49 325 2 13 44 15 14
D 11 327 3 12 16 43 45 49 5
L 51 146 -246
D 50 145 2 10 51 8 5
D 55 333 2 23 42 25 5
D 54 331 2 18 55 26 5
D 57 341 2 35 48 37 5
D 56 339 2 30 57 38 5
D 59 333 2 23 24 25 28
D 58 331 2 18 59 26 28
D 53 335 2 54 56 58 5
D 62 333 2 25 24 23 5
D 61 331 2 18 62 26 5
D 64 333 2 25 42 23 28
D 63 331 2 18 64 26 28
D 60 335 2 61 56 63 5
D 52 327 3 12 53 43 60 49 5
D 65 145 2 8 51 10 9
D 6 147 3 7 11 50 52 65 5
L 67 130 -586
D 66 129 2 4 67 2 5
D 72 337 2 31 39 33 5
D 73 337 2 31 32 33 28
D 71 339 2 72 57 73 5
D 70 335 2 17 71 40 5
D 76 337 2 33 32 31 5
D 77 337 2 33 39 31 28
D 75 339 2 76 57 77 5
D 74 335 2 17 75 40 5
D 69 327 3 12 70 43 74 49 5
D 81 329 2 19 27 21 5
D 82 329 2 19 20 21 28
D 80 331 2 81 22 82 5
D 83 331 2 81 41 82 28
D 79 335 2 80 56 83 5
D 86 329 2 21 20 19 5
D 87 329 2 21 27 19 28
D 85 331 2 86 22 87 5
D 88 331 2 86 41 87 28
D 84 335 2 85 56 88 5
D 78 327 3 12 79 43 84 49 5
D 68 147 3 7 69 50 78 65 5
D 89 129 2 2 67 4 3
D 0 131 3 1 6 66 68 89 5
