c ids of sdd nodes start at 0
c sdd nodes appear bottom-up, children before parents
c
c file syntax:
c sdd count-of-sdd-nodes
c F id-of-false-sdd-node
c T id-of-true-sdd-node
c L id-of-literal-sdd-node id-of-vtree literal
c D id-of-decomposition-sdd-node id-of-vtree number-of-elements {id-of-prime id-of-sub}*
c
sdd 90
L 2 5984 -127
L 3 5986 128
L 4 5984 127
F 5
D 1 5985 2 2 3 4 5
L 8 5992 -265
L 9 5994 266
L 10 5992 265
D 7 5993 2 8 9 10 5
L 13 7276 -267
L 14 7278 268
L 15 7276 267
D 12 7277 2 13 14 15 5
L 19 7296 -1799
L 20 7298 -1800
L 21 7296 1799
D 18 7297 2 19 20 21 5
L 23 7300 -1801
L 24 7302 -1802
L 25 7300 1801
D 22 7301 2 23 24 25 5
L 27 7298 1800
T 28
D 26 7297 2 19 27 21 28
D 17 7299 2 18 22 26 5
L 31 7304 -1803
L 32 7306 -1804
L 33 7304 1803
D 30 7305 2 31 32 33 5
L 35 7308 -1805
L 36 7310 1806
L 37 7308 1805
D 34 7309 2 35 36 37 5
L 39 7306 1804
D 38 7305 2 31 39 33 28
D 29 7307 2 30 34 38 5
L 42 7302 1802
D 41 7301 2 23 42 25 28
D 40 7299 2 18 41 26 28
D 16 7303 2 17 29 40 5
L 44 7278 -268
D 43 7277 2 15 44 13 5
D 47 7301 2 23 42 25 5
D 46 7299 2 18 47 26 5
L 50 7310 -1806
D 49 7309 2 35 50 37 5
D 48 7307 2 30 49 38 5
D 52 7301 2 23 24 25 28
D 51 7299 2 18 52 26 28
D 45 7303 2 46 48 51 5
D 53 7277 2 13 44 15 14
D 11 7279 3 12 16 43 45 53 5
L 55 5994 -266
D 54 5993 2 10 55 8 5
D 59 7309 2 37 50 35 5
D 58 7307 2 30 59 38 5
D 57 7303 2 17 58 40 5
D 62 7301 2 25 24 23 5
D 61 7299 2 18 62 26 5
D 64 7301 2 25 42 23 28
D 63 7299 2 18 64 26 28
D 60 7303 2 61 48 63 5
D 56 7279 3 12 57 43 60 53 5
D 65 5993 2 8 55 10 9
D 6 5995 3 7 11 54 56 65 5
L 67 5986 -128
D 66 5985 2 4 67 2 5
D 72 7305 2 31 39 33 5
D 73 7305 2 31 32 33 28
D 71 7307 2 72 49 73 5
D 70 7303 2 17 71 40 5
D 76 7297 2 19 27 21 5
D 77 7297 2 19 20 21 28
D 75 7299 2 76 22 77 5
D 78 7299 2 76 41 77 28
D 74 7303 2 75 48 78 5
D 69 7279 3 12 70 43 74 53 5
D 82 7305 2 33 32 31 5
D 83 7305 2 33 39 31 28
D 81 7307 2 82 49 83 5
D 80 7303 2 17 81 40 5
D 86 7297 2 21 20 19 5
D 87 7297 2 21 27 19 28
D 85 7299 2 86 22 87 5
D 88 7299 2 86 41 87 28
D 84 7303 2 85 48 88 5
D 79 7279 3 12 80 43 84 53 5
D 68 5995 3 7 69 54 79 65 5
D 89 5985 2 2 67 4 3
D 0 5987 3 1 6 66 68 89 5
