c ids of sdd nodes start at 0
c sdd nodes appear bottom-up, children before parents
c
c file syntax:
c sdd count-of-sdd-nodes
c F id-of-false-sdd-node
c T id-of-true-sdd-node
c L id-of-literal-sdd-node id-of-vtree literal
c D id-of-decomposition-sdd-node id-of-vtree number-of-elements {id-of-prime id-of-sub}*
c
sdd 90
L 2 7268 -261
L 3 7270 262
L 4 7268 261
F 5
D 1 7269 2 2 3 4 5
L 8 7276 -267
L 9 7278 268
L 10 7276 267
D 7 7277 2 8 9 10 5
L 13 7312 -125
L 14 7314 126
L 15 7312 125
D 12 7313 2 13 14 15 5
L 19 7332 -1807
L 20 7334 -1808
L 21 7332 1807
D 18 7333 2 19 20 21 5
L 23 7336 -1809
L 24 7338 -1810
L 25 7336 1809
D 22 7337 2 23 24 25 5
L 27 7334 1808
T 28
D 26 7333 2 19 27 21 28
D 17 7335 2 18 22 26 5
L 31 7340 -1811
L 32 7342 -1812
L 33 7340 1811
D 30 7341 2 31 32 33 5
L 35 7344 -1813
L 36 7346 1814
L 37 7344 1813
D 34 7345 2 35 36 37 5
L 39 7342 1812
D 38 7341 2 31 39 33 28
D 29 7343 2 30 34 38 5
L 42 7338 1810
D 41 7337 2 23 42 25 28
D 40 7335 2 18 41 26 28
D 16 7339 2 17 29 40 5
L 44 7314 -126
D 43 7313 2 15 44 13 5
D 47 7341 2 31 39 33 5
L 49 7346 -1814
D 48 7345 2 35 49 37 5
D 50 7341 2 31 32 33 28
D 46 7343 2 47 48 50 5
D 45 7339 2 17 46 40 5
D 51 7313 2 13 44 15 14
D 11 7315 3 12 16 43 45 51 5
L 53 7278 -268
D 52 7277 2 10 53 8 5
D 57 7345 2 37 49 35 5
D 56 7343 2 30 57 38 5
D 55 7339 2 17 56 40 5
D 60 7341 2 33 32 31 5
D 61 7341 2 33 39 31 28
D 59 7343 2 60 48 61 5
D 58 7339 2 17 59 40 5
D 54 7315 3 12 55 43 58 51 5
D 62 7277 2 8 53 10 9
D 6 7279 3 7 11 52 54 62 5
L 64 7270 -262
D 63 7269 2 4 64 2 5
D 69 7337 2 23 42 25 5
D 68 7335 2 18 69 26 5
D 70 7343 2 30 48 38 5
D 72 7337 2 23 24 25 28
D 71 7335 2 18 72 26 28
D 67 7339 2 68 70 71 5
D 75 7333 2 19 27 21 5
D 76 7333 2 19 20 21 28
D 74 7335 2 75 22 76 5
D 77 7335 2 75 41 76 28
D 73 7339 2 74 70 77 5
D 66 7315 3 12 67 43 73 51 5
D 81 7337 2 25 24 23 5
D 80 7335 2 18 81 26 5
D 83 7337 2 25 42 23 28
D 82 7335 2 18 83 26 28
D 79 7339 2 80 70 82 5
D 86 7333 2 21 20 19 5
D 87 7333 2 21 27 19 28
D 85 7335 2 86 22 87 5
D 88 7335 2 86 41 87 28
D 84 7339 2 85 70 88 5
D 78 7315 3 12 79 43 84 51 5
D 65 7279 3 7 66 52 78 62 5
D 89 7269 2 2 64 4 3
D 0 7271 3 1 6 63 65 89 5
