c ids of sdd nodes start at 0
c sdd nodes appear bottom-up, children before parents
c
c file syntax:
c sdd count-of-sdd-nodes
c F id-of-false-sdd-node
c T id-of-true-sdd-node
c L id-of-literal-sdd-node id-of-vtree literal
c D id-of-decomposition-sdd-node id-of-vtree number-of-elements {id-of-prime id-of-sub}*
c
sdd 90
L 2 7524 -271
L 3 7526 272
L 4 7524 271
F 5
D 1 7525 2 2 3 4 5
L 8 7572 -121
L 9 7574 122
L 10 7572 121
D 7 7573 2 8 9 10 5
L 13 7584 -273
L 14 7586 274
L 15 7584 273
D 12 7585 2 13 14 15 5
L 19 7604 -1819
L 20 7606 -1820
L 21 7604 1819
D 18 7605 2 19 20 21 5
L 23 7608 -1821
L 24 7610 -1822
L 25 7608 1821
D 22 7609 2 23 24 25 5
L 27 7606 1820
T 28
D 26 7605 2 19 27 21 28
D 17 7607 2 18 22 26 5
L 31 7612 -1823
L 32 7614 -1824
L 33 7612 1823
D 30 7613 2 31 32 33 5
L 35 7616 -1825
L 36 7618 1826
L 37 7616 1825
D 34 7617 2 35 36 37 5
L 39 7614 1824
D 38 7613 2 31 39 33 28
D 29 7615 2 30 34 38 5
L 42 7610 1822
D 41 7609 2 23 42 25 28
D 40 7607 2 18 41 26 28
D 16 7611 2 17 29 40 5
L 44 7586 -274
D 43 7585 2 15 44 13 5
D 47 7609 2 23 42 25 5
D 46 7607 2 18 47 26 5
L 50 7618 -1826
D 49 7617 2 35 50 37 5
D 48 7615 2 30 49 38 5
D 52 7609 2 23 24 25 28
D 51 7607 2 18 52 26 28
D 45 7611 2 46 48 51 5
D 53 7585 2 13 44 15 14
D 11 7587 3 12 16 43 45 53 5
L 55 7574 -122
D 54 7573 2 10 55 8 5
D 59 7613 2 31 39 33 5
D 60 7613 2 31 32 33 28
D 58 7615 2 59 49 60 5
D 57 7611 2 17 58 40 5
D 63 7605 2 19 27 21 5
D 64 7605 2 19 20 21 28
D 62 7607 2 63 22 64 5
D 65 7607 2 63 41 64 28
D 61 7611 2 62 48 65 5
D 56 7587 3 12 57 43 61 53 5
D 66 7573 2 8 55 10 9
D 6 7575 3 7 11 54 56 66 5
L 68 7526 -272
D 67 7525 2 4 68 2 5
D 73 7617 2 37 50 35 5
D 72 7615 2 30 73 38 5
D 71 7611 2 17 72 40 5
D 76 7609 2 25 24 23 5
D 75 7607 2 18 76 26 5
D 78 7609 2 25 42 23 28
D 77 7607 2 18 78 26 28
D 74 7611 2 75 48 77 5
D 70 7587 3 12 71 43 74 53 5
D 82 7613 2 33 32 31 5
D 83 7613 2 33 39 31 28
D 81 7615 2 82 49 83 5
D 80 7611 2 17 81 40 5
D 86 7605 2 21 20 19 5
D 87 7605 2 21 27 19 28
D 85 7607 2 86 22 87 5
D 88 7607 2 86 41 87 28
D 84 7611 2 85 48 88 5
D 79 7587 3 12 80 43 84 53 5
D 69 7575 3 7 70 54 79 66 5
D 89 7525 2 2 68 4 3
D 0 7527 3 1 6 67 69 89 5
