c ids of sdd nodes start at 0
c sdd nodes appear bottom-up, children before parents
c
c file syntax:
c sdd count-of-sdd-nodes
c F id-of-false-sdd-node
c T id-of-true-sdd-node
c L id-of-literal-sdd-node id-of-vtree literal
c D id-of-decomposition-sdd-node id-of-vtree number-of-elements {id-of-prime id-of-sub}*
c
sdd 90
L 2 6028 -275
L 3 6030 276
L 4 6028 275
F 5
D 1 6029 2 2 3 4 5
L 8 6048 -277
L 9 6050 278
L 10 6048 277
D 7 6049 2 8 9 10 5
L 13 6068 -135
L 14 6070 136
L 15 6068 135
D 12 6069 2 13 14 15 5
L 19 6072 -1835
L 20 6074 -1836
L 21 6072 1835
D 18 6073 2 19 20 21 5
L 23 6076 -1837
L 24 6078 -1838
L 25 6076 1837
D 22 6077 2 23 24 25 5
L 27 6074 1836
T 28
D 26 6073 2 19 27 21 28
D 17 6075 2 18 22 26 5
L 31 6080 -1839
L 32 6082 -1840
L 33 6080 1839
D 30 6081 2 31 32 33 5
L 35 6084 -1841
L 36 6086 1842
L 37 6084 1841
D 34 6085 2 35 36 37 5
L 39 6082 1840
D 38 6081 2 31 39 33 28
D 29 6083 2 30 34 38 5
L 42 6078 1838
D 41 6077 2 23 42 25 28
D 40 6075 2 18 41 26 28
D 16 6079 2 17 29 40 5
L 44 6070 -136
D 43 6069 2 15 44 13 5
D 47 6081 2 31 39 33 5
L 49 6086 -1842
D 48 6085 2 35 49 37 5
D 50 6081 2 31 32 33 28
D 46 6083 2 47 48 50 5
D 45 6079 2 17 46 40 5
D 51 6069 2 13 44 15 14
D 11 6071 3 12 16 43 45 51 5
L 53 6050 -278
D 52 6049 2 10 53 8 5
D 57 6077 2 23 42 25 5
D 56 6075 2 18 57 26 5
D 58 6083 2 30 48 38 5
D 60 6077 2 23 24 25 28
D 59 6075 2 18 60 26 28
D 55 6079 2 56 58 59 5
D 63 6073 2 19 27 21 5
D 64 6073 2 19 20 21 28
D 62 6075 2 63 22 64 5
D 65 6075 2 63 41 64 28
D 61 6079 2 62 58 65 5
D 54 6071 3 12 55 43 61 51 5
D 66 6049 2 8 53 10 9
D 6 6051 3 7 11 52 54 66 5
L 68 6030 -276
D 67 6029 2 4 68 2 5
D 73 6085 2 37 49 35 5
D 72 6083 2 30 73 38 5
D 71 6079 2 17 72 40 5
D 76 6081 2 33 32 31 5
D 77 6081 2 33 39 31 28
D 75 6083 2 76 48 77 5
D 74 6079 2 17 75 40 5
D 70 6071 3 12 71 43 74 51 5
D 81 6077 2 25 24 23 5
D 80 6075 2 18 81 26 5
D 83 6077 2 25 42 23 28
D 82 6075 2 18 83 26 28
D 79 6079 2 80 58 82 5
D 86 6073 2 21 20 19 5
D 87 6073 2 21 27 19 28
D 85 6075 2 86 22 87 5
D 88 6075 2 86 41 87 28
D 84 6079 2 85 58 88 5
D 78 6071 3 12 79 43 84 51 5
D 69 6051 3 7 70 52 78 66 5
D 89 6029 2 2 68 4 3
D 0 6031 3 1 6 67 69 89 5
