c ids of sdd nodes start at 0
c sdd nodes appear bottom-up, children before parents
c
c file syntax:
c sdd count-of-sdd-nodes
c F id-of-false-sdd-node
c T id-of-true-sdd-node
c L id-of-literal-sdd-node id-of-vtree literal
c D id-of-decomposition-sdd-node id-of-vtree number-of-elements {id-of-prime id-of-sub}*
c
sdd 90
L 2 5800 -25
L 3 5802 26
L 4 5800 25
F 5
D 1 5801 2 2 3 4 5
L 8 5856 -27
L 9 5858 28
L 10 5856 27
D 7 5857 2 8 9 10 5
L 13 5876 -453
L 14 5878 454
L 15 5876 453
D 12 5877 2 13 14 15 5
L 19 5880 -905
L 20 5882 -906
L 21 5880 905
D 18 5881 2 19 20 21 5
L 23 5884 -907
L 24 5886 -908
L 25 5884 907
D 22 5885 2 23 24 25 5
L 27 5882 906
T 28
D 26 5881 2 19 27 21 28
D 17 5883 2 18 22 26 5
L 31 5888 -909
L 32 5890 -910
L 33 5888 909
D 30 5889 2 31 32 33 5
L 35 5892 -911
L 36 5894 912
L 37 5892 911
D 34 5893 2 35 36 37 5
L 39 5890 910
D 38 5889 2 31 39 33 28
D 29 5891 2 30 34 38 5
L 42 5886 908
D 41 5885 2 23 42 25 28
D 40 5883 2 18 41 26 28
D 16 5887 2 17 29 40 5
L 44 5878 -454
D 43 5877 2 15 44 13 5
D 47 5889 2 31 39 33 5
L 49 5894 -912
D 48 5893 2 35 49 37 5
D 50 5889 2 31 32 33 28
D 46 5891 2 47 48 50 5
D 45 5887 2 17 46 40 5
D 51 5877 2 13 44 15 14
D 11 5879 3 12 16 43 45 51 5
L 53 5858 -28
D 52 5857 2 10 53 8 5
D 57 5893 2 37 49 35 5
D 56 5891 2 30 57 38 5
D 55 5887 2 17 56 40 5
D 60 5889 2 33 32 31 5
D 61 5889 2 33 39 31 28
D 59 5891 2 60 48 61 5
D 58 5887 2 17 59 40 5
D 54 5879 3 12 55 43 58 51 5
D 62 5857 2 8 53 10 9
D 6 5859 3 7 11 52 54 62 5
L 64 5802 -26
D 63 5801 2 4 64 2 5
D 69 5885 2 23 42 25 5
D 68 5883 2 18 69 26 5
D 70 5891 2 30 48 38 5
D 72 5885 2 23 24 25 28
D 71 5883 2 18 72 26 28
D 67 5887 2 68 70 71 5
D 75 5881 2 19 27 21 5
D 76 5881 2 19 20 21 28
D 74 5883 2 75 22 76 5
D 77 5883 2 75 41 76 28
D 73 5887 2 74 70 77 5
D 66 5879 3 12 67 43 73 51 5
D 81 5885 2 25 24 23 5
D 80 5883 2 18 81 26 5
D 83 5885 2 25 42 23 28
D 82 5883 2 18 83 26 28
D 79 5887 2 80 70 82 5
D 86 5881 2 21 20 19 5
D 87 5881 2 21 27 19 28
D 85 5883 2 86 22 87 5
D 88 5883 2 86 41 87 28
D 84 5887 2 85 70 88 5
D 78 5879 3 12 79 43 84 51 5
D 65 5859 3 7 66 52 78 62 5
D 89 5801 2 2 64 4 3
D 0 5803 3 1 6 63 65 89 5
