c ids of sdd nodes start at 0
c sdd nodes appear bottom-up, children before parents
c
c file syntax:
c sdd count-of-sdd-nodes
c F id-of-false-sdd-node
c T id-of-true-sdd-node
c L id-of-literal-sdd-node id-of-vtree literal
c D id-of-decomposition-sdd-node id-of-vtree number-of-elements {id-of-prime id-of-sub}*
c
sdd 90
L 2 436 -195
L 3 438 196
L 4 436 195
F 5
D 1 437 2 2 3 4 5
L 8 440 -771
L 9 442 772
L 10 440 771
D 7 441 2 8 9 10 5
L 13 480 -283
L 14 482 284
L 15 480 283
D 12 481 2 13 14 15 5
L 19 484 -1863
L 20 486 -1864
L 21 484 1863
D 18 485 2 19 20 21 5
L 23 488 -1865
L 24 490 -1866
L 25 488 1865
D 22 489 2 23 24 25 5
L 27 486 1864
T 28
D 26 485 2 19 27 21 28
D 17 487 2 18 22 26 5
L 31 492 -1867
L 32 494 -1868
L 33 492 1867
D 30 493 2 31 32 33 5
L 35 496 -1869
L 36 498 1870
L 37 496 1869
D 34 497 2 35 36 37 5
L 39 494 1868
D 38 493 2 31 39 33 28
D 29 495 2 30 34 38 5
L 42 490 1866
D 41 489 2 23 42 25 28
D 40 487 2 18 41 26 28
D 16 491 2 17 29 40 5
L 44 482 -284
D 43 481 2 15 44 13 5
L 48 498 -1870
D 47 497 2 37 48 35 5
D 46 495 2 30 47 38 5
D 45 491 2 17 46 40 5
D 49 481 2 13 44 15 14
D 11 483 3 12 16 43 45 49 5
L 51 442 -772
D 50 441 2 10 51 8 5
D 55 493 2 31 39 33 5
D 56 497 2 35 48 37 5
D 57 493 2 31 32 33 28
D 54 495 2 55 56 57 5
D 53 491 2 17 54 40 5
D 60 493 2 33 32 31 5
D 61 493 2 33 39 31 28
D 59 495 2 60 56 61 5
D 58 491 2 17 59 40 5
D 52 483 3 12 53 43 58 49 5
D 62 441 2 8 51 10 9
D 6 443 3 7 11 50 52 62 5
L 64 438 -196
D 63 437 2 4 64 2 5
D 69 489 2 23 42 25 5
D 68 487 2 18 69 26 5
D 70 495 2 30 56 38 5
D 72 489 2 23 24 25 28
D 71 487 2 18 72 26 28
D 67 491 2 68 70 71 5
D 75 489 2 25 24 23 5
D 74 487 2 18 75 26 5
D 77 489 2 25 42 23 28
D 76 487 2 18 77 26 28
D 73 491 2 74 70 76 5
D 66 483 3 12 67 43 73 49 5
D 81 485 2 19 27 21 5
D 82 485 2 19 20 21 28
D 80 487 2 81 22 82 5
D 83 487 2 81 41 82 28
D 79 491 2 80 70 83 5
D 86 485 2 21 20 19 5
D 87 485 2 21 27 19 28
D 85 487 2 86 22 87 5
D 88 487 2 86 41 87 28
D 84 491 2 85 70 88 5
D 78 483 3 12 79 43 84 49 5
D 65 443 3 7 66 50 78 62 5
D 89 437 2 2 64 4 3
D 0 439 3 1 6 63 65 89 5
