c ids of sdd nodes start at 0
c sdd nodes appear bottom-up, children before parents
c
c file syntax:
c sdd count-of-sdd-nodes
c F id-of-false-sdd-node
c T id-of-true-sdd-node
c L id-of-literal-sdd-node id-of-vtree literal
c D id-of-decomposition-sdd-node id-of-vtree number-of-elements {id-of-prime id-of-sub}*
c
sdd 90
L 2 7048 -169
L 3 7050 170
L 4 7048 169
F 5
D 1 7049 2 2 3 4 5
L 8 7080 -289
L 9 7082 290
L 10 7080 289
D 7 7081 2 8 9 10 5
L 13 7120 -285
L 14 7122 286
L 15 7120 285
D 12 7121 2 13 14 15 5
L 19 7140 -1883
L 20 7142 -1884
L 21 7140 1883
D 18 7141 2 19 20 21 5
L 23 7144 -1885
L 24 7146 -1886
L 25 7144 1885
D 22 7145 2 23 24 25 5
L 27 7142 1884
T 28
D 26 7141 2 19 27 21 28
D 17 7143 2 18 22 26 5
L 31 7148 -1887
L 32 7150 -1888
L 33 7148 1887
D 30 7149 2 31 32 33 5
L 35 7152 -1889
L 36 7154 1890
L 37 7152 1889
D 34 7153 2 35 36 37 5
L 39 7150 1888
D 38 7149 2 31 39 33 28
D 29 7151 2 30 34 38 5
L 42 7146 1886
D 41 7145 2 23 42 25 28
D 40 7143 2 18 41 26 28
D 16 7147 2 17 29 40 5
L 44 7122 -286
D 43 7121 2 15 44 13 5
D 47 7145 2 23 42 25 5
D 46 7143 2 18 47 26 5
L 50 7154 -1890
D 49 7153 2 35 50 37 5
D 48 7151 2 30 49 38 5
D 52 7145 2 23 24 25 28
D 51 7143 2 18 52 26 28
D 45 7147 2 46 48 51 5
D 53 7121 2 13 44 15 14
D 11 7123 3 12 16 43 45 53 5
L 55 7082 -290
D 54 7081 2 10 55 8 5
D 59 7153 2 37 50 35 5
D 58 7151 2 30 59 38 5
D 57 7147 2 17 58 40 5
D 62 7145 2 25 24 23 5
D 61 7143 2 18 62 26 5
D 64 7145 2 25 42 23 28
D 63 7143 2 18 64 26 28
D 60 7147 2 61 48 63 5
D 56 7123 3 12 57 43 60 53 5
D 65 7081 2 8 55 10 9
D 6 7083 3 7 11 54 56 65 5
L 67 7050 -170
D 66 7049 2 4 67 2 5
D 72 7149 2 31 39 33 5
D 73 7149 2 31 32 33 28
D 71 7151 2 72 49 73 5
D 70 7147 2 17 71 40 5
D 76 7141 2 19 27 21 5
D 77 7141 2 19 20 21 28
D 75 7143 2 76 22 77 5
D 78 7143 2 76 41 77 28
D 74 7147 2 75 48 78 5
D 69 7123 3 12 70 43 74 53 5
D 82 7149 2 33 32 31 5
D 83 7149 2 33 39 31 28
D 81 7151 2 82 49 83 5
D 80 7147 2 17 81 40 5
D 86 7141 2 21 20 19 5
D 87 7141 2 21 27 19 28
D 85 7143 2 86 22 87 5
D 88 7143 2 86 41 87 28
D 84 7147 2 85 48 88 5
D 79 7123 3 12 80 43 84 53 5
D 68 7083 3 7 69 54 79 65 5
D 89 7049 2 2 67 4 3
D 0 7051 3 1 6 66 68 89 5
