c ids of sdd nodes start at 0
c sdd nodes appear bottom-up, children before parents
c
c file syntax:
c sdd count-of-sdd-nodes
c F id-of-false-sdd-node
c T id-of-true-sdd-node
c L id-of-literal-sdd-node id-of-vtree literal
c D id-of-decomposition-sdd-node id-of-vtree number-of-elements {id-of-prime id-of-sub}*
c
sdd 90
L 2 6800 -167
L 3 6802 168
L 4 6800 167
F 5
D 1 6801 2 2 3 4 5
L 8 6804 -279
L 9 6806 280
L 10 6804 279
D 7 6805 2 8 9 10 5
L 13 6916 -291
L 14 6918 292
L 15 6916 291
D 12 6917 2 13 14 15 5
L 19 6936 -1891
L 20 6938 -1892
L 21 6936 1891
D 18 6937 2 19 20 21 5
L 23 6940 -1893
L 24 6942 -1894
L 25 6940 1893
D 22 6941 2 23 24 25 5
L 27 6938 1892
T 28
D 26 6937 2 19 27 21 28
D 17 6939 2 18 22 26 5
L 31 6944 -1895
L 32 6946 -1896
L 33 6944 1895
D 30 6945 2 31 32 33 5
L 35 6948 -1897
L 36 6950 1898
L 37 6948 1897
D 34 6949 2 35 36 37 5
L 39 6946 1896
D 38 6945 2 31 39 33 28
D 29 6947 2 30 34 38 5
L 42 6942 1894
D 41 6941 2 23 42 25 28
D 40 6939 2 18 41 26 28
D 16 6943 2 17 29 40 5
L 44 6918 -292
D 43 6917 2 15 44 13 5
L 48 6950 -1898
D 47 6949 2 37 48 35 5
D 46 6947 2 30 47 38 5
D 45 6943 2 17 46 40 5
D 49 6917 2 13 44 15 14
D 11 6919 3 12 16 43 45 49 5
L 51 6806 -280
D 50 6805 2 10 51 8 5
D 55 6941 2 23 42 25 5
D 54 6939 2 18 55 26 5
D 57 6949 2 35 48 37 5
D 56 6947 2 30 57 38 5
D 59 6941 2 23 24 25 28
D 58 6939 2 18 59 26 28
D 53 6943 2 54 56 58 5
D 62 6941 2 25 24 23 5
D 61 6939 2 18 62 26 5
D 64 6941 2 25 42 23 28
D 63 6939 2 18 64 26 28
D 60 6943 2 61 56 63 5
D 52 6919 3 12 53 43 60 49 5
D 65 6805 2 8 51 10 9
D 6 6807 3 7 11 50 52 65 5
L 67 6802 -168
D 66 6801 2 4 67 2 5
D 72 6945 2 31 39 33 5
D 73 6945 2 31 32 33 28
D 71 6947 2 72 57 73 5
D 70 6943 2 17 71 40 5
D 76 6945 2 33 32 31 5
D 77 6945 2 33 39 31 28
D 75 6947 2 76 57 77 5
D 74 6943 2 17 75 40 5
D 69 6919 3 12 70 43 74 49 5
D 81 6937 2 19 27 21 5
D 82 6937 2 19 20 21 28
D 80 6939 2 81 22 82 5
D 83 6939 2 81 41 82 28
D 79 6943 2 80 56 83 5
D 86 6937 2 21 20 19 5
D 87 6937 2 21 27 19 28
D 85 6939 2 86 22 87 5
D 88 6939 2 86 41 87 28
D 84 6943 2 85 56 88 5
D 78 6919 3 12 79 43 84 49 5
D 68 6807 3 7 69 50 78 65 5
D 89 6801 2 2 67 4 3
D 0 6803 3 1 6 66 68 89 5
