c ids of sdd nodes start at 0
c sdd nodes appear bottom-up, children before parents
c
c file syntax:
c sdd count-of-sdd-nodes
c F id-of-false-sdd-node
c T id-of-true-sdd-node
c L id-of-literal-sdd-node id-of-vtree literal
c D id-of-decomposition-sdd-node id-of-vtree number-of-elements {id-of-prime id-of-sub}*
c
sdd 90
L 2 1932 -353
L 3 1934 354
L 4 1932 353
F 5
D 1 1933 2 2 3 4 5
L 8 1936 -83
L 9 1938 84
L 10 1936 83
D 7 1937 2 8 9 10 5
L 13 2692 -293
L 14 2694 294
L 15 2692 293
D 12 2693 2 13 14 15 5
L 19 2712 -1899
L 20 2714 -1900
L 21 2712 1899
D 18 2713 2 19 20 21 5
L 23 2716 -1901
L 24 2718 -1902
L 25 2716 1901
D 22 2717 2 23 24 25 5
L 27 2714 1900
T 28
D 26 2713 2 19 27 21 28
D 17 2715 2 18 22 26 5
L 31 2720 -1903
L 32 2722 -1904
L 33 2720 1903
D 30 2721 2 31 32 33 5
L 35 2724 -1905
L 36 2726 1906
L 37 2724 1905
D 34 2725 2 35 36 37 5
L 39 2722 1904
D 38 2721 2 31 39 33 28
D 29 2723 2 30 34 38 5
L 42 2718 1902
D 41 2717 2 23 42 25 28
D 40 2715 2 18 41 26 28
D 16 2719 2 17 29 40 5
L 44 2694 -294
D 43 2693 2 15 44 13 5
L 48 2726 -1906
D 47 2725 2 37 48 35 5
D 46 2723 2 30 47 38 5
D 45 2719 2 17 46 40 5
D 49 2693 2 13 44 15 14
D 11 2695 3 12 16 43 45 49 5
L 51 1938 -84
D 50 1937 2 10 51 8 5
D 55 2717 2 23 42 25 5
D 54 2715 2 18 55 26 5
D 57 2725 2 35 48 37 5
D 56 2723 2 30 57 38 5
D 59 2717 2 23 24 25 28
D 58 2715 2 18 59 26 28
D 53 2719 2 54 56 58 5
D 62 2717 2 25 24 23 5
D 61 2715 2 18 62 26 5
D 64 2717 2 25 42 23 28
D 63 2715 2 18 64 26 28
D 60 2719 2 61 56 63 5
D 52 2695 3 12 53 43 60 49 5
D 65 1937 2 8 51 10 9
D 6 1939 3 7 11 50 52 65 5
L 67 1934 -354
D 66 1933 2 4 67 2 5
D 72 2721 2 31 39 33 5
D 73 2721 2 31 32 33 28
D 71 2723 2 72 57 73 5
D 70 2719 2 17 71 40 5
D 76 2721 2 33 32 31 5
D 77 2721 2 33 39 31 28
D 75 2723 2 76 57 77 5
D 74 2719 2 17 75 40 5
D 69 2695 3 12 70 43 74 49 5
D 81 2713 2 19 27 21 5
D 82 2713 2 19 20 21 28
D 80 2715 2 81 22 82 5
D 83 2715 2 81 41 82 28
D 79 2719 2 80 56 83 5
D 86 2713 2 21 20 19 5
D 87 2713 2 21 27 19 28
D 85 2715 2 86 22 87 5
D 88 2715 2 86 41 87 28
D 84 2719 2 85 56 88 5
D 78 2695 3 12 79 43 84 49 5
D 68 1939 3 7 69 50 78 65 5
D 89 1933 2 2 67 4 3
D 0 1935 3 1 6 66 68 89 5
