c ids of sdd nodes start at 0
c sdd nodes appear bottom-up, children before parents
c
c file syntax:
c sdd count-of-sdd-nodes
c F id-of-false-sdd-node
c T id-of-true-sdd-node
c L id-of-literal-sdd-node id-of-vtree literal
c D id-of-decomposition-sdd-node id-of-vtree number-of-elements {id-of-prime id-of-sub}*
c
sdd 90
L 2 6500 -297
L 3 6502 298
L 4 6500 297
F 5
D 1 6501 2 2 3 4 5
L 8 6596 -163
L 9 6598 164
L 10 6596 163
D 7 6597 2 8 9 10 5
L 13 6724 -295
L 14 6726 296
L 15 6724 295
D 12 6725 2 13 14 15 5
L 19 6744 -1907
L 20 6746 -1908
L 21 6744 1907
D 18 6745 2 19 20 21 5
L 23 6748 -1909
L 24 6750 -1910
L 25 6748 1909
D 22 6749 2 23 24 25 5
L 27 6746 1908
T 28
D 26 6745 2 19 27 21 28
D 17 6747 2 18 22 26 5
L 31 6752 -1911
L 32 6754 -1912
L 33 6752 1911
D 30 6753 2 31 32 33 5
L 35 6756 -1913
L 36 6758 1914
L 37 6756 1913
D 34 6757 2 35 36 37 5
L 39 6754 1912
D 38 6753 2 31 39 33 28
D 29 6755 2 30 34 38 5
L 42 6750 1910
D 41 6749 2 23 42 25 28
D 40 6747 2 18 41 26 28
D 16 6751 2 17 29 40 5
L 44 6726 -296
D 43 6725 2 15 44 13 5
L 48 6758 -1914
D 47 6757 2 37 48 35 5
D 46 6755 2 30 47 38 5
D 45 6751 2 17 46 40 5
D 49 6725 2 13 44 15 14
D 11 6727 3 12 16 43 45 49 5
L 51 6598 -164
D 50 6597 2 10 51 8 5
D 55 6753 2 31 39 33 5
D 56 6757 2 35 48 37 5
D 57 6753 2 31 32 33 28
D 54 6755 2 55 56 57 5
D 53 6751 2 17 54 40 5
D 60 6753 2 33 32 31 5
D 61 6753 2 33 39 31 28
D 59 6755 2 60 56 61 5
D 58 6751 2 17 59 40 5
D 52 6727 3 12 53 43 58 49 5
D 62 6597 2 8 51 10 9
D 6 6599 3 7 11 50 52 62 5
L 64 6502 -298
D 63 6501 2 4 64 2 5
D 69 6749 2 23 42 25 5
D 68 6747 2 18 69 26 5
D 70 6755 2 30 56 38 5
D 72 6749 2 23 24 25 28
D 71 6747 2 18 72 26 28
D 67 6751 2 68 70 71 5
D 75 6749 2 25 24 23 5
D 74 6747 2 18 75 26 5
D 77 6749 2 25 42 23 28
D 76 6747 2 18 77 26 28
D 73 6751 2 74 70 76 5
D 66 6727 3 12 67 43 73 49 5
D 81 6745 2 19 27 21 5
D 82 6745 2 19 20 21 28
D 80 6747 2 81 22 82 5
D 83 6747 2 81 41 82 28
D 79 6751 2 80 70 83 5
D 86 6745 2 21 20 19 5
D 87 6745 2 21 27 19 28
D 85 6747 2 86 22 87 5
D 88 6747 2 86 41 87 28
D 84 6751 2 85 70 88 5
D 78 6727 3 12 79 43 84 49 5
D 65 6599 3 7 66 50 78 62 5
D 89 6501 2 2 64 4 3
D 0 6503 3 1 6 63 65 89 5
