c ids of sdd nodes start at 0
c sdd nodes appear bottom-up, children before parents
c
c file syntax:
c sdd count-of-sdd-nodes
c F id-of-false-sdd-node
c T id-of-true-sdd-node
c L id-of-literal-sdd-node id-of-vtree literal
c D id-of-decomposition-sdd-node id-of-vtree number-of-elements {id-of-prime id-of-sub}*
c
sdd 90
L 2 6488 -161
L 3 6490 162
L 4 6488 161
F 5
D 1 6489 2 2 3 4 5
L 8 6500 -297
L 9 6502 298
L 10 6500 297
D 7 6501 2 8 9 10 5
L 13 6916 -291
L 14 6918 292
L 15 6916 291
D 12 6917 2 13 14 15 5
L 19 6952 -1915
L 20 6954 -1916
L 21 6952 1915
D 18 6953 2 19 20 21 5
L 23 6956 -1917
L 24 6958 -1918
L 25 6956 1917
D 22 6957 2 23 24 25 5
L 27 6954 1916
T 28
D 26 6953 2 19 27 21 28
D 17 6955 2 18 22 26 5
L 31 6960 -1919
L 32 6962 -1920
L 33 6960 1919
D 30 6961 2 31 32 33 5
L 35 6964 -1921
L 36 6966 1922
L 37 6964 1921
D 34 6965 2 35 36 37 5
L 39 6962 1920
D 38 6961 2 31 39 33 28
D 29 6963 2 30 34 38 5
L 42 6958 1918
D 41 6957 2 23 42 25 28
D 40 6955 2 18 41 26 28
D 16 6959 2 17 29 40 5
L 44 6918 -292
D 43 6917 2 15 44 13 5
D 47 6957 2 23 42 25 5
D 46 6955 2 18 47 26 5
L 50 6966 -1922
D 49 6965 2 35 50 37 5
D 48 6963 2 30 49 38 5
D 52 6957 2 23 24 25 28
D 51 6955 2 18 52 26 28
D 45 6959 2 46 48 51 5
D 53 6917 2 13 44 15 14
D 11 6919 3 12 16 43 45 53 5
L 55 6502 -298
D 54 6501 2 10 55 8 5
D 59 6965 2 37 50 35 5
D 58 6963 2 30 59 38 5
D 57 6959 2 17 58 40 5
D 62 6957 2 25 24 23 5
D 61 6955 2 18 62 26 5
D 64 6957 2 25 42 23 28
D 63 6955 2 18 64 26 28
D 60 6959 2 61 48 63 5
D 56 6919 3 12 57 43 60 53 5
D 65 6501 2 8 55 10 9
D 6 6503 3 7 11 54 56 65 5
L 67 6490 -162
D 66 6489 2 4 67 2 5
D 72 6961 2 31 39 33 5
D 73 6961 2 31 32 33 28
D 71 6963 2 72 49 73 5
D 70 6959 2 17 71 40 5
D 76 6953 2 19 27 21 5
D 77 6953 2 19 20 21 28
D 75 6955 2 76 22 77 5
D 78 6955 2 76 41 77 28
D 74 6959 2 75 48 78 5
D 69 6919 3 12 70 43 74 53 5
D 82 6961 2 33 32 31 5
D 83 6961 2 33 39 31 28
D 81 6963 2 82 49 83 5
D 80 6959 2 17 81 40 5
D 86 6953 2 21 20 19 5
D 87 6953 2 21 27 19 28
D 85 6955 2 86 22 87 5
D 88 6955 2 86 41 87 28
D 84 6959 2 85 48 88 5
D 79 6919 3 12 80 43 84 53 5
D 68 6503 3 7 69 54 79 65 5
D 89 6489 2 2 67 4 3
D 0 6491 3 1 6 66 68 89 5
