c ids of sdd nodes start at 0
c sdd nodes appear bottom-up, children before parents
c
c file syntax:
c sdd count-of-sdd-nodes
c F id-of-false-sdd-node
c T id-of-true-sdd-node
c L id-of-literal-sdd-node id-of-vtree literal
c D id-of-decomposition-sdd-node id-of-vtree number-of-elements {id-of-prime id-of-sub}*
c
sdd 90
L 2 5784 -299
L 3 5786 300
L 4 5784 299
F 5
D 1 5785 2 2 3 4 5
L 8 5996 -159
L 9 5998 160
L 10 5996 159
D 7 5997 2 8 9 10 5
L 13 6688 -301
L 14 6690 302
L 15 6688 301
D 12 6689 2 13 14 15 5
L 19 6708 -1923
L 20 6710 -1924
L 21 6708 1923
D 18 6709 2 19 20 21 5
L 23 6712 -1925
L 24 6714 -1926
L 25 6712 1925
D 22 6713 2 23 24 25 5
L 27 6710 1924
T 28
D 26 6709 2 19 27 21 28
D 17 6711 2 18 22 26 5
L 31 6716 -1927
L 32 6718 -1928
L 33 6716 1927
D 30 6717 2 31 32 33 5
L 35 6720 -1929
L 36 6722 1930
L 37 6720 1929
D 34 6721 2 35 36 37 5
L 39 6718 1928
D 38 6717 2 31 39 33 28
D 29 6719 2 30 34 38 5
L 42 6714 1926
D 41 6713 2 23 42 25 28
D 40 6711 2 18 41 26 28
D 16 6715 2 17 29 40 5
L 44 6690 -302
D 43 6689 2 15 44 13 5
D 47 6713 2 23 42 25 5
D 46 6711 2 18 47 26 5
L 50 6722 -1930
D 49 6721 2 35 50 37 5
D 48 6719 2 30 49 38 5
D 52 6713 2 23 24 25 28
D 51 6711 2 18 52 26 28
D 45 6715 2 46 48 51 5
D 53 6689 2 13 44 15 14
D 11 6691 3 12 16 43 45 53 5
L 55 5998 -160
D 54 5997 2 10 55 8 5
D 59 6717 2 31 39 33 5
D 60 6717 2 31 32 33 28
D 58 6719 2 59 49 60 5
D 57 6715 2 17 58 40 5
D 63 6709 2 19 27 21 5
D 64 6709 2 19 20 21 28
D 62 6711 2 63 22 64 5
D 65 6711 2 63 41 64 28
D 61 6715 2 62 48 65 5
D 56 6691 3 12 57 43 61 53 5
D 66 5997 2 8 55 10 9
D 6 5999 3 7 11 54 56 66 5
L 68 5786 -300
D 67 5785 2 4 68 2 5
D 73 6721 2 37 50 35 5
D 72 6719 2 30 73 38 5
D 71 6715 2 17 72 40 5
D 76 6713 2 25 24 23 5
D 75 6711 2 18 76 26 5
D 78 6713 2 25 42 23 28
D 77 6711 2 18 78 26 28
D 74 6715 2 75 48 77 5
D 70 6691 3 12 71 43 74 53 5
D 82 6717 2 33 32 31 5
D 83 6717 2 33 39 31 28
D 81 6719 2 82 49 83 5
D 80 6715 2 17 81 40 5
D 86 6709 2 21 20 19 5
D 87 6709 2 21 27 19 28
D 85 6711 2 86 22 87 5
D 88 6711 2 86 41 87 28
D 84 6715 2 85 48 88 5
D 79 6691 3 12 80 43 84 53 5
D 69 5999 3 7 70 54 79 66 5
D 89 5785 2 2 68 4 3
D 0 5787 3 1 6 67 69 89 5
