c ids of sdd nodes start at 0
c sdd nodes appear bottom-up, children before parents
c
c file syntax:
c sdd count-of-sdd-nodes
c F id-of-false-sdd-node
c T id-of-true-sdd-node
c L id-of-literal-sdd-node id-of-vtree literal
c D id-of-decomposition-sdd-node id-of-vtree number-of-elements {id-of-prime id-of-sub}*
c
sdd 90
L 2 136 -29
L 3 138 30
L 4 136 29
F 5
D 1 137 2 2 3 4 5
L 8 964 -35
L 9 966 36
L 10 964 35
D 7 965 2 8 9 10 5
L 13 1152 -467
L 14 1154 468
L 15 1152 467
D 12 1153 2 13 14 15 5
L 19 1156 -913
L 20 1158 -914
L 21 1156 913
D 18 1157 2 19 20 21 5
L 23 1160 -915
L 24 1162 -916
L 25 1160 915
D 22 1161 2 23 24 25 5
L 27 1158 914
T 28
D 26 1157 2 19 27 21 28
D 17 1159 2 18 22 26 5
L 31 1164 -917
L 32 1166 -918
L 33 1164 917
D 30 1165 2 31 32 33 5
L 35 1168 -919
L 36 1170 920
L 37 1168 919
D 34 1169 2 35 36 37 5
L 39 1166 918
D 38 1165 2 31 39 33 28
D 29 1167 2 30 34 38 5
L 42 1162 916
D 41 1161 2 23 42 25 28
D 40 1159 2 18 41 26 28
D 16 1163 2 17 29 40 5
L 44 1154 -468
D 43 1153 2 15 44 13 5
D 47 1165 2 31 39 33 5
L 49 1170 -920
D 48 1169 2 35 49 37 5
D 50 1165 2 31 32 33 28
D 46 1167 2 47 48 50 5
D 45 1163 2 17 46 40 5
D 51 1153 2 13 44 15 14
D 11 1155 3 12 16 43 45 51 5
L 53 966 -36
D 52 965 2 10 53 8 5
D 57 1161 2 23 42 25 5
D 56 1159 2 18 57 26 5
D 58 1167 2 30 48 38 5
D 60 1161 2 23 24 25 28
D 59 1159 2 18 60 26 28
D 55 1163 2 56 58 59 5
D 63 1157 2 19 27 21 5
D 64 1157 2 19 20 21 28
D 62 1159 2 63 22 64 5
D 65 1159 2 63 41 64 28
D 61 1163 2 62 58 65 5
D 54 1155 3 12 55 43 61 51 5
D 66 965 2 8 53 10 9
D 6 967 3 7 11 52 54 66 5
L 68 138 -30
D 67 137 2 4 68 2 5
D 73 1169 2 37 49 35 5
D 72 1167 2 30 73 38 5
D 71 1163 2 17 72 40 5
D 76 1165 2 33 32 31 5
D 77 1165 2 33 39 31 28
D 75 1167 2 76 48 77 5
D 74 1163 2 17 75 40 5
D 70 1155 3 12 71 43 74 51 5
D 81 1161 2 25 24 23 5
D 80 1159 2 18 81 26 5
D 83 1161 2 25 42 23 28
D 82 1159 2 18 83 26 28
D 79 1163 2 80 58 82 5
D 86 1157 2 21 20 19 5
D 87 1157 2 21 27 19 28
D 85 1159 2 86 22 87 5
D 88 1159 2 86 41 87 28
D 84 1163 2 85 58 88 5
D 78 1155 3 12 79 43 84 51 5
D 69 967 3 7 70 52 78 66 5
D 89 137 2 2 68 4 3
D 0 139 3 1 6 67 69 89 5
