c ids of sdd nodes start at 0
c sdd nodes appear bottom-up, children before parents
c
c file syntax:
c sdd count-of-sdd-nodes
c F id-of-false-sdd-node
c T id-of-true-sdd-node
c L id-of-literal-sdd-node id-of-vtree literal
c D id-of-decomposition-sdd-node id-of-vtree number-of-elements {id-of-prime id-of-sub}*
c
sdd 90
L 2 6004 -111
L 3 6006 112
L 4 6004 111
F 5
D 1 6005 2 2 3 4 5
L 8 6492 -303
L 9 6494 304
L 10 6492 303
D 7 6493 2 8 9 10 5
L 13 6992 -561
L 14 6994 562
L 15 6992 561
D 12 6993 2 13 14 15 5
L 19 7012 -1939
L 20 7014 -1940
L 21 7012 1939
D 18 7013 2 19 20 21 5
L 23 7016 -1941
L 24 7018 -1942
L 25 7016 1941
D 22 7017 2 23 24 25 5
L 27 7014 1940
T 28
D 26 7013 2 19 27 21 28
D 17 7015 2 18 22 26 5
L 31 7020 -1943
L 32 7022 -1944
L 33 7020 1943
D 30 7021 2 31 32 33 5
L 35 7024 -1945
L 36 7026 1946
L 37 7024 1945
D 34 7025 2 35 36 37 5
L 39 7022 1944
D 38 7021 2 31 39 33 28
D 29 7023 2 30 34 38 5
L 42 7018 1942
D 41 7017 2 23 42 25 28
D 40 7015 2 18 41 26 28
D 16 7019 2 17 29 40 5
L 44 6994 -562
D 43 6993 2 15 44 13 5
D 47 7017 2 23 42 25 5
D 46 7015 2 18 47 26 5
L 50 7026 -1946
D 49 7025 2 35 50 37 5
D 48 7023 2 30 49 38 5
D 52 7017 2 23 24 25 28
D 51 7015 2 18 52 26 28
D 45 7019 2 46 48 51 5
D 53 6993 2 13 44 15 14
D 11 6995 3 12 16 43 45 53 5
L 55 6494 -304
D 54 6493 2 10 55 8 5
D 59 7025 2 37 50 35 5
D 58 7023 2 30 59 38 5
D 57 7019 2 17 58 40 5
D 62 7017 2 25 24 23 5
D 61 7015 2 18 62 26 5
D 64 7017 2 25 42 23 28
D 63 7015 2 18 64 26 28
D 60 7019 2 61 48 63 5
D 56 6995 3 12 57 43 60 53 5
D 65 6493 2 8 55 10 9
D 6 6495 3 7 11 54 56 65 5
L 67 6006 -112
D 66 6005 2 4 67 2 5
D 72 7021 2 31 39 33 5
D 73 7021 2 31 32 33 28
D 71 7023 2 72 49 73 5
D 70 7019 2 17 71 40 5
D 76 7013 2 19 27 21 5
D 77 7013 2 19 20 21 28
D 75 7015 2 76 22 77 5
D 78 7015 2 76 41 77 28
D 74 7019 2 75 48 78 5
D 69 6995 3 12 70 43 74 53 5
D 82 7021 2 33 32 31 5
D 83 7021 2 33 39 31 28
D 81 7023 2 82 49 83 5
D 80 7019 2 17 81 40 5
D 86 7013 2 21 20 19 5
D 87 7013 2 21 27 19 28
D 85 7015 2 86 22 87 5
D 88 7015 2 86 41 87 28
D 84 7019 2 85 48 88 5
D 79 6995 3 12 80 43 84 53 5
D 68 6495 3 7 69 54 79 65 5
D 89 6005 2 2 67 4 3
D 0 6007 3 1 6 66 68 89 5
