c ids of sdd nodes start at 0
c sdd nodes appear bottom-up, children before parents
c
c file syntax:
c sdd count-of-sdd-nodes
c F id-of-false-sdd-node
c T id-of-true-sdd-node
c L id-of-literal-sdd-node id-of-vtree literal
c D id-of-decomposition-sdd-node id-of-vtree number-of-elements {id-of-prime id-of-sub}*
c
sdd 90
L 2 444 -543
L 3 446 544
L 4 444 543
F 5
D 1 445 2 2 3 4 5
L 8 480 -283
L 9 482 284
L 10 480 283
D 7 481 2 8 9 10 5
L 13 500 -305
L 14 502 306
L 15 500 305
D 12 501 2 13 14 15 5
L 19 520 -1947
L 20 522 -1948
L 21 520 1947
D 18 521 2 19 20 21 5
L 23 524 -1949
L 24 526 -1950
L 25 524 1949
D 22 525 2 23 24 25 5
L 27 522 1948
T 28
D 26 521 2 19 27 21 28
D 17 523 2 18 22 26 5
L 31 528 -1951
L 32 530 -1952
L 33 528 1951
D 30 529 2 31 32 33 5
L 35 532 -1953
L 36 534 1954
L 37 532 1953
D 34 533 2 35 36 37 5
L 39 530 1952
D 38 529 2 31 39 33 28
D 29 531 2 30 34 38 5
L 42 526 1950
D 41 525 2 23 42 25 28
D 40 523 2 18 41 26 28
D 16 527 2 17 29 40 5
L 44 502 -306
D 43 501 2 15 44 13 5
L 48 534 -1954
D 47 533 2 37 48 35 5
D 46 531 2 30 47 38 5
D 45 527 2 17 46 40 5
D 49 501 2 13 44 15 14
D 11 503 3 12 16 43 45 49 5
L 51 482 -284
D 50 481 2 10 51 8 5
D 55 529 2 31 39 33 5
D 56 533 2 35 48 37 5
D 57 529 2 31 32 33 28
D 54 531 2 55 56 57 5
D 53 527 2 17 54 40 5
D 60 529 2 33 32 31 5
D 61 529 2 33 39 31 28
D 59 531 2 60 56 61 5
D 58 527 2 17 59 40 5
D 52 503 3 12 53 43 58 49 5
D 62 481 2 8 51 10 9
D 6 483 3 7 11 50 52 62 5
L 64 446 -544
D 63 445 2 4 64 2 5
D 69 525 2 23 42 25 5
D 68 523 2 18 69 26 5
D 70 531 2 30 56 38 5
D 72 525 2 23 24 25 28
D 71 523 2 18 72 26 28
D 67 527 2 68 70 71 5
D 75 525 2 25 24 23 5
D 74 523 2 18 75 26 5
D 77 525 2 25 42 23 28
D 76 523 2 18 77 26 28
D 73 527 2 74 70 76 5
D 66 503 3 12 67 43 73 49 5
D 81 521 2 19 27 21 5
D 82 521 2 19 20 21 28
D 80 523 2 81 22 82 5
D 83 523 2 81 41 82 28
D 79 527 2 80 70 83 5
D 86 521 2 21 20 19 5
D 87 521 2 21 27 19 28
D 85 523 2 86 22 87 5
D 88 523 2 86 41 87 28
D 84 527 2 85 70 88 5
D 78 503 3 12 79 43 84 49 5
D 65 483 3 7 66 50 78 62 5
D 89 445 2 2 64 4 3
D 0 447 3 1 6 63 65 89 5
