c ids of sdd nodes start at 0
c sdd nodes appear bottom-up, children before parents
c
c file syntax:
c sdd count-of-sdd-nodes
c F id-of-false-sdd-node
c T id-of-true-sdd-node
c L id-of-literal-sdd-node id-of-vtree literal
c D id-of-decomposition-sdd-node id-of-vtree number-of-elements {id-of-prime id-of-sub}*
c
sdd 90
L 2 7404 -313
L 3 7406 314
L 4 7404 313
F 5
D 1 7405 2 2 3 4 5
L 8 7480 -315
L 9 7482 316
L 10 7480 315
D 7 7481 2 8 9 10 5
L 13 7504 -115
L 14 7506 116
L 15 7504 115
D 12 7505 2 13 14 15 5
L 19 7508 -1979
L 20 7510 -1980
L 21 7508 1979
D 18 7509 2 19 20 21 5
L 23 7512 -1981
L 24 7514 -1982
L 25 7512 1981
D 22 7513 2 23 24 25 5
L 27 7510 1980
T 28
D 26 7509 2 19 27 21 28
D 17 7511 2 18 22 26 5
L 31 7516 -1983
L 32 7518 -1984
L 33 7516 1983
D 30 7517 2 31 32 33 5
L 35 7520 -1985
L 36 7522 1986
L 37 7520 1985
D 34 7521 2 35 36 37 5
L 39 7518 1984
D 38 7517 2 31 39 33 28
D 29 7519 2 30 34 38 5
L 42 7514 1982
D 41 7513 2 23 42 25 28
D 40 7511 2 18 41 26 28
D 16 7515 2 17 29 40 5
L 44 7506 -116
D 43 7505 2 15 44 13 5
D 47 7517 2 31 39 33 5
L 49 7522 -1986
D 48 7521 2 35 49 37 5
D 50 7517 2 31 32 33 28
D 46 7519 2 47 48 50 5
D 45 7515 2 17 46 40 5
D 51 7505 2 13 44 15 14
D 11 7507 3 12 16 43 45 51 5
L 53 7482 -316
D 52 7481 2 10 53 8 5
D 57 7513 2 23 42 25 5
D 56 7511 2 18 57 26 5
D 58 7519 2 30 48 38 5
D 60 7513 2 23 24 25 28
D 59 7511 2 18 60 26 28
D 55 7515 2 56 58 59 5
D 63 7509 2 19 27 21 5
D 64 7509 2 19 20 21 28
D 62 7511 2 63 22 64 5
D 65 7511 2 63 41 64 28
D 61 7515 2 62 58 65 5
D 54 7507 3 12 55 43 61 51 5
D 66 7481 2 8 53 10 9
D 6 7483 3 7 11 52 54 66 5
L 68 7406 -314
D 67 7405 2 4 68 2 5
D 73 7521 2 37 49 35 5
D 72 7519 2 30 73 38 5
D 71 7515 2 17 72 40 5
D 76 7517 2 33 32 31 5
D 77 7517 2 33 39 31 28
D 75 7519 2 76 48 77 5
D 74 7515 2 17 75 40 5
D 70 7507 3 12 71 43 74 51 5
D 81 7513 2 25 24 23 5
D 80 7511 2 18 81 26 5
D 83 7513 2 25 42 23 28
D 82 7511 2 18 83 26 28
D 79 7515 2 80 58 82 5
D 86 7509 2 21 20 19 5
D 87 7509 2 21 27 19 28
D 85 7511 2 86 22 87 5
D 88 7511 2 86 41 87 28
D 84 7515 2 85 58 88 5
D 78 7507 3 12 79 43 84 51 5
D 69 7483 3 7 70 52 78 66 5
D 89 7405 2 2 68 4 3
D 0 7407 3 1 6 67 69 89 5
