c ids of sdd nodes start at 0
c sdd nodes appear bottom-up, children before parents
c
c file syntax:
c sdd count-of-sdd-nodes
c F id-of-false-sdd-node
c T id-of-true-sdd-node
c L id-of-literal-sdd-node id-of-vtree literal
c D id-of-decomposition-sdd-node id-of-vtree number-of-elements {id-of-prime id-of-sub}*
c
sdd 90
L 2 5980 -103
L 3 5982 104
L 4 5980 103
F 5
D 1 5981 2 2 3 4 5
L 8 6000 -317
L 9 6002 318
L 10 6000 317
D 7 6001 2 8 9 10 5
L 13 6636 -319
L 14 6638 320
L 15 6636 319
D 12 6637 2 13 14 15 5
L 19 6656 -1991
L 20 6658 -1992
L 21 6656 1991
D 18 6657 2 19 20 21 5
L 23 6660 -1993
L 24 6662 -1994
L 25 6660 1993
D 22 6661 2 23 24 25 5
L 27 6658 1992
T 28
D 26 6657 2 19 27 21 28
D 17 6659 2 18 22 26 5
L 31 6664 -1995
L 32 6666 -1996
L 33 6664 1995
D 30 6665 2 31 32 33 5
L 35 6668 -1997
L 36 6670 1998
L 37 6668 1997
D 34 6669 2 35 36 37 5
L 39 6666 1996
D 38 6665 2 31 39 33 28
D 29 6667 2 30 34 38 5
L 42 6662 1994
D 41 6661 2 23 42 25 28
D 40 6659 2 18 41 26 28
D 16 6663 2 17 29 40 5
L 44 6638 -320
D 43 6637 2 15 44 13 5
D 47 6661 2 23 42 25 5
D 46 6659 2 18 47 26 5
L 50 6670 -1998
D 49 6669 2 35 50 37 5
D 48 6667 2 30 49 38 5
D 52 6661 2 23 24 25 28
D 51 6659 2 18 52 26 28
D 45 6663 2 46 48 51 5
D 53 6637 2 13 44 15 14
D 11 6639 3 12 16 43 45 53 5
L 55 6002 -318
D 54 6001 2 10 55 8 5
D 59 6669 2 37 50 35 5
D 58 6667 2 30 59 38 5
D 57 6663 2 17 58 40 5
D 62 6661 2 25 24 23 5
D 61 6659 2 18 62 26 5
D 64 6661 2 25 42 23 28
D 63 6659 2 18 64 26 28
D 60 6663 2 61 48 63 5
D 56 6639 3 12 57 43 60 53 5
D 65 6001 2 8 55 10 9
D 6 6003 3 7 11 54 56 65 5
L 67 5982 -104
D 66 5981 2 4 67 2 5
D 72 6665 2 31 39 33 5
D 73 6665 2 31 32 33 28
D 71 6667 2 72 49 73 5
D 70 6663 2 17 71 40 5
D 76 6657 2 19 27 21 5
D 77 6657 2 19 20 21 28
D 75 6659 2 76 22 77 5
D 78 6659 2 76 41 77 28
D 74 6663 2 75 48 78 5
D 69 6639 3 12 70 43 74 53 5
D 82 6665 2 33 32 31 5
D 83 6665 2 33 39 31 28
D 81 6667 2 82 49 83 5
D 80 6663 2 17 81 40 5
D 86 6657 2 21 20 19 5
D 87 6657 2 21 27 19 28
D 85 6659 2 86 22 87 5
D 88 6659 2 86 41 87 28
D 84 6663 2 85 48 88 5
D 79 6639 3 12 80 43 84 53 5
D 68 6003 3 7 69 54 79 65 5
D 89 5981 2 2 67 4 3
D 0 5983 3 1 6 66 68 89 5
