c ids of sdd nodes start at 0
c sdd nodes appear bottom-up, children before parents
c
c file syntax:
c sdd count-of-sdd-nodes
c F id-of-false-sdd-node
c T id-of-true-sdd-node
c L id-of-literal-sdd-node id-of-vtree literal
c D id-of-decomposition-sdd-node id-of-vtree number-of-elements {id-of-prime id-of-sub}*
c
sdd 90
L 2 5988 -101
L 3 5990 102
L 4 5988 101
F 5
D 1 5989 2 2 3 4 5
L 8 6492 -303
L 9 6494 304
L 10 6492 303
D 7 6493 2 8 9 10 5
L 13 6636 -319
L 14 6638 320
L 15 6636 319
D 12 6637 2 13 14 15 5
L 19 6672 -1999
L 20 6674 -2000
L 21 6672 1999
D 18 6673 2 19 20 21 5
L 23 6676 -2001
L 24 6678 -2002
L 25 6676 2001
D 22 6677 2 23 24 25 5
L 27 6674 2000
T 28
D 26 6673 2 19 27 21 28
D 17 6675 2 18 22 26 5
L 31 6680 -2003
L 32 6682 -2004
L 33 6680 2003
D 30 6681 2 31 32 33 5
L 35 6684 -2005
L 36 6686 2006
L 37 6684 2005
D 34 6685 2 35 36 37 5
L 39 6682 2004
D 38 6681 2 31 39 33 28
D 29 6683 2 30 34 38 5
L 42 6678 2002
D 41 6677 2 23 42 25 28
D 40 6675 2 18 41 26 28
D 16 6679 2 17 29 40 5
L 44 6638 -320
D 43 6637 2 15 44 13 5
L 48 6686 -2006
D 47 6685 2 37 48 35 5
D 46 6683 2 30 47 38 5
D 45 6679 2 17 46 40 5
D 49 6637 2 13 44 15 14
D 11 6639 3 12 16 43 45 49 5
L 51 6494 -304
D 50 6493 2 10 51 8 5
D 55 6677 2 23 42 25 5
D 54 6675 2 18 55 26 5
D 57 6685 2 35 48 37 5
D 56 6683 2 30 57 38 5
D 59 6677 2 23 24 25 28
D 58 6675 2 18 59 26 28
D 53 6679 2 54 56 58 5
D 62 6677 2 25 24 23 5
D 61 6675 2 18 62 26 5
D 64 6677 2 25 42 23 28
D 63 6675 2 18 64 26 28
D 60 6679 2 61 56 63 5
D 52 6639 3 12 53 43 60 49 5
D 65 6493 2 8 51 10 9
D 6 6495 3 7 11 50 52 65 5
L 67 5990 -102
D 66 5989 2 4 67 2 5
D 72 6681 2 31 39 33 5
D 73 6681 2 31 32 33 28
D 71 6683 2 72 57 73 5
D 70 6679 2 17 71 40 5
D 76 6681 2 33 32 31 5
D 77 6681 2 33 39 31 28
D 75 6683 2 76 57 77 5
D 74 6679 2 17 75 40 5
D 69 6639 3 12 70 43 74 49 5
D 81 6673 2 19 27 21 5
D 82 6673 2 19 20 21 28
D 80 6675 2 81 22 82 5
D 83 6675 2 81 41 82 28
D 79 6679 2 80 56 83 5
D 86 6673 2 21 20 19 5
D 87 6673 2 21 27 19 28
D 85 6675 2 86 22 87 5
D 88 6675 2 86 41 87 28
D 84 6679 2 85 56 88 5
D 78 6639 3 12 79 43 84 49 5
D 68 6495 3 7 69 50 78 65 5
D 89 5989 2 2 67 4 3
D 0 5991 3 1 6 66 68 89 5
