c ids of sdd nodes start at 0
c sdd nodes appear bottom-up, children before parents
c
c file syntax:
c sdd count-of-sdd-nodes
c F id-of-false-sdd-node
c T id-of-true-sdd-node
c L id-of-literal-sdd-node id-of-vtree literal
c D id-of-decomposition-sdd-node id-of-vtree number-of-elements {id-of-prime id-of-sub}*
c
sdd 90
L 2 136 -29
L 3 138 30
L 4 136 29
F 5
D 1 137 2 2 3 4 5
L 8 140 -465
L 9 142 466
L 10 140 465
D 7 141 2 8 9 10 5
L 13 540 -31
L 14 542 32
L 15 540 31
D 12 541 2 13 14 15 5
L 19 544 -921
L 20 546 -922
L 21 544 921
D 18 545 2 19 20 21 5
L 23 548 -923
L 24 550 -924
L 25 548 923
D 22 549 2 23 24 25 5
L 27 546 922
T 28
D 26 545 2 19 27 21 28
D 17 547 2 18 22 26 5
L 31 552 -925
L 32 554 -926
L 33 552 925
D 30 553 2 31 32 33 5
L 35 556 -927
L 36 558 928
L 37 556 927
D 34 557 2 35 36 37 5
L 39 554 926
D 38 553 2 31 39 33 28
D 29 555 2 30 34 38 5
L 42 550 924
D 41 549 2 23 42 25 28
D 40 547 2 18 41 26 28
D 16 551 2 17 29 40 5
L 44 542 -32
D 43 541 2 15 44 13 5
L 48 558 -928
D 47 557 2 37 48 35 5
D 46 555 2 30 47 38 5
D 45 551 2 17 46 40 5
D 49 541 2 13 44 15 14
D 11 543 3 12 16 43 45 49 5
L 51 142 -466
D 50 141 2 10 51 8 5
D 55 553 2 31 39 33 5
D 56 557 2 35 48 37 5
D 57 553 2 31 32 33 28
D 54 555 2 55 56 57 5
D 53 551 2 17 54 40 5
D 60 553 2 33 32 31 5
D 61 553 2 33 39 31 28
D 59 555 2 60 56 61 5
D 58 551 2 17 59 40 5
D 52 543 3 12 53 43 58 49 5
D 62 141 2 8 51 10 9
D 6 143 3 7 11 50 52 62 5
L 64 138 -30
D 63 137 2 4 64 2 5
D 69 549 2 23 42 25 5
D 68 547 2 18 69 26 5
D 70 555 2 30 56 38 5
D 72 549 2 23 24 25 28
D 71 547 2 18 72 26 28
D 67 551 2 68 70 71 5
D 75 549 2 25 24 23 5
D 74 547 2 18 75 26 5
D 77 549 2 25 42 23 28
D 76 547 2 18 77 26 28
D 73 551 2 74 70 76 5
D 66 543 3 12 67 43 73 49 5
D 81 545 2 19 27 21 5
D 82 545 2 19 20 21 28
D 80 547 2 81 22 82 5
D 83 547 2 81 41 82 28
D 79 551 2 80 70 83 5
D 86 545 2 21 20 19 5
D 87 545 2 21 27 19 28
D 85 547 2 86 22 87 5
D 88 547 2 86 41 87 28
D 84 551 2 85 70 88 5
D 78 543 3 12 79 43 84 49 5
D 65 143 3 7 66 50 78 62 5
D 89 137 2 2 64 4 3
D 0 139 3 1 6 63 65 89 5
