c ids of sdd nodes start at 0
c sdd nodes appear bottom-up, children before parents
c
c file syntax:
c sdd count-of-sdd-nodes
c F id-of-false-sdd-node
c T id-of-true-sdd-node
c L id-of-literal-sdd-node id-of-vtree literal
c D id-of-decomposition-sdd-node id-of-vtree number-of-elements {id-of-prime id-of-sub}*
c
sdd 90
L 2 6776 -147
L 3 6778 148
L 4 6776 147
F 5
D 1 6777 2 2 3 4 5
L 8 6780 -589
L 9 6782 590
L 10 6780 589
D 7 6781 2 8 9 10 5
L 13 6828 -321
L 14 6830 322
L 15 6828 321
D 12 6829 2 13 14 15 5
L 19 6848 -2007
L 20 6850 -2008
L 21 6848 2007
D 18 6849 2 19 20 21 5
L 23 6852 -2009
L 24 6854 -2010
L 25 6852 2009
D 22 6853 2 23 24 25 5
L 27 6850 2008
T 28
D 26 6849 2 19 27 21 28
D 17 6851 2 18 22 26 5
L 31 6856 -2011
L 32 6858 -2012
L 33 6856 2011
D 30 6857 2 31 32 33 5
L 35 6860 -2013
L 36 6862 2014
L 37 6860 2013
D 34 6861 2 35 36 37 5
L 39 6858 2012
D 38 6857 2 31 39 33 28
D 29 6859 2 30 34 38 5
L 42 6854 2010
D 41 6853 2 23 42 25 28
D 40 6851 2 18 41 26 28
D 16 6855 2 17 29 40 5
L 44 6830 -322
D 43 6829 2 15 44 13 5
L 48 6862 -2014
D 47 6861 2 37 48 35 5
D 46 6859 2 30 47 38 5
D 45 6855 2 17 46 40 5
D 49 6829 2 13 44 15 14
D 11 6831 3 12 16 43 45 49 5
L 51 6782 -590
D 50 6781 2 10 51 8 5
D 55 6853 2 23 42 25 5
D 54 6851 2 18 55 26 5
D 57 6861 2 35 48 37 5
D 56 6859 2 30 57 38 5
D 59 6853 2 23 24 25 28
D 58 6851 2 18 59 26 28
D 53 6855 2 54 56 58 5
D 62 6853 2 25 24 23 5
D 61 6851 2 18 62 26 5
D 64 6853 2 25 42 23 28
D 63 6851 2 18 64 26 28
D 60 6855 2 61 56 63 5
D 52 6831 3 12 53 43 60 49 5
D 65 6781 2 8 51 10 9
D 6 6783 3 7 11 50 52 65 5
L 67 6778 -148
D 66 6777 2 4 67 2 5
D 72 6857 2 31 39 33 5
D 73 6857 2 31 32 33 28
D 71 6859 2 72 57 73 5
D 70 6855 2 17 71 40 5
D 76 6857 2 33 32 31 5
D 77 6857 2 33 39 31 28
D 75 6859 2 76 57 77 5
D 74 6855 2 17 75 40 5
D 69 6831 3 12 70 43 74 49 5
D 81 6849 2 19 27 21 5
D 82 6849 2 19 20 21 28
D 80 6851 2 81 22 82 5
D 83 6851 2 81 41 82 28
D 79 6855 2 80 56 83 5
D 86 6849 2 21 20 19 5
D 87 6849 2 21 27 19 28
D 85 6851 2 86 22 87 5
D 88 6851 2 86 41 87 28
D 84 6855 2 85 56 88 5
D 78 6831 3 12 79 43 84 49 5
D 68 6783 3 7 69 50 78 65 5
D 89 6777 2 2 67 4 3
D 0 6779 3 1 6 66 68 89 5
