c ids of sdd nodes start at 0
c sdd nodes appear bottom-up, children before parents
c
c file syntax:
c sdd count-of-sdd-nodes
c F id-of-false-sdd-node
c T id-of-true-sdd-node
c L id-of-literal-sdd-node id-of-vtree literal
c D id-of-decomposition-sdd-node id-of-vtree number-of-elements {id-of-prime id-of-sub}*
c
sdd 90
L 2 5168 -323
L 3 5170 324
L 4 5168 323
F 5
D 1 5169 2 2 3 4 5
L 8 5172 -659
L 9 5174 660
L 10 5172 659
D 7 5173 2 8 9 10 5
L 13 5284 -343
L 14 5286 344
L 15 5284 343
D 12 5285 2 13 14 15 5
L 19 5288 -2015
L 20 5290 -2016
L 21 5288 2015
D 18 5289 2 19 20 21 5
L 23 5292 -2017
L 24 5294 -2018
L 25 5292 2017
D 22 5293 2 23 24 25 5
L 27 5290 2016
T 28
D 26 5289 2 19 27 21 28
D 17 5291 2 18 22 26 5
L 31 5296 -2019
L 32 5298 -2020
L 33 5296 2019
D 30 5297 2 31 32 33 5
L 35 5300 -2021
L 36 5302 2022
L 37 5300 2021
D 34 5301 2 35 36 37 5
L 39 5298 2020
D 38 5297 2 31 39 33 28
D 29 5299 2 30 34 38 5
L 42 5294 2018
D 41 5293 2 23 42 25 28
D 40 5291 2 18 41 26 28
D 16 5295 2 17 29 40 5
L 44 5286 -344
D 43 5285 2 15 44 13 5
D 47 5293 2 23 42 25 5
D 46 5291 2 18 47 26 5
L 50 5302 -2022
D 49 5301 2 35 50 37 5
D 48 5299 2 30 49 38 5
D 52 5293 2 23 24 25 28
D 51 5291 2 18 52 26 28
D 45 5295 2 46 48 51 5
D 53 5285 2 13 44 15 14
D 11 5287 3 12 16 43 45 53 5
L 55 5174 -660
D 54 5173 2 10 55 8 5
D 59 5297 2 31 39 33 5
D 60 5297 2 31 32 33 28
D 58 5299 2 59 49 60 5
D 57 5295 2 17 58 40 5
D 63 5289 2 19 27 21 5
D 64 5289 2 19 20 21 28
D 62 5291 2 63 22 64 5
D 65 5291 2 63 41 64 28
D 61 5295 2 62 48 65 5
D 56 5287 3 12 57 43 61 53 5
D 66 5173 2 8 55 10 9
D 6 5175 3 7 11 54 56 66 5
L 68 5170 -324
D 67 5169 2 4 68 2 5
D 73 5301 2 37 50 35 5
D 72 5299 2 30 73 38 5
D 71 5295 2 17 72 40 5
D 76 5293 2 25 24 23 5
D 75 5291 2 18 76 26 5
D 78 5293 2 25 42 23 28
D 77 5291 2 18 78 26 28
D 74 5295 2 75 48 77 5
D 70 5287 3 12 71 43 74 53 5
D 82 5297 2 33 32 31 5
D 83 5297 2 33 39 31 28
D 81 5299 2 82 49 83 5
D 80 5295 2 17 81 40 5
D 86 5289 2 21 20 19 5
D 87 5289 2 21 27 19 28
D 85 5291 2 86 22 87 5
D 88 5291 2 86 41 87 28
D 84 5295 2 85 48 88 5
D 79 5287 3 12 80 43 84 53 5
D 69 5175 3 7 70 54 79 66 5
D 89 5169 2 2 68 4 3
D 0 5171 3 1 6 67 69 89 5
