c ids of sdd nodes start at 0
c sdd nodes appear bottom-up, children before parents
c
c file syntax:
c sdd count-of-sdd-nodes
c F id-of-false-sdd-node
c T id-of-true-sdd-node
c L id-of-literal-sdd-node id-of-vtree literal
c D id-of-decomposition-sdd-node id-of-vtree number-of-elements {id-of-prime id-of-sub}*
c
sdd 90
L 2 4644 -333
L 3 4646 334
L 4 4644 333
F 5
D 1 4645 2 2 3 4 5
L 8 5168 -323
L 9 5170 324
L 10 5168 323
D 7 5169 2 8 9 10 5
L 13 5176 -657
L 14 5178 658
L 15 5176 657
D 12 5177 2 13 14 15 5
L 19 5180 -2051
L 20 5182 -2052
L 21 5180 2051
D 18 5181 2 19 20 21 5
L 23 5184 -2053
L 24 5186 -2054
L 25 5184 2053
D 22 5185 2 23 24 25 5
L 27 5182 2052
T 28
D 26 5181 2 19 27 21 28
D 17 5183 2 18 22 26 5
L 31 5188 -2055
L 32 5190 -2056
L 33 5188 2055
D 30 5189 2 31 32 33 5
L 35 5192 -2057
L 36 5194 2058
L 37 5192 2057
D 34 5193 2 35 36 37 5
L 39 5190 2056
D 38 5189 2 31 39 33 28
D 29 5191 2 30 34 38 5
L 42 5186 2054
D 41 5185 2 23 42 25 28
D 40 5183 2 18 41 26 28
D 16 5187 2 17 29 40 5
L 44 5178 -658
D 43 5177 2 15 44 13 5
D 47 5189 2 31 39 33 5
L 49 5194 -2058
D 48 5193 2 35 49 37 5
D 50 5189 2 31 32 33 28
D 46 5191 2 47 48 50 5
D 45 5187 2 17 46 40 5
D 51 5177 2 13 44 15 14
D 11 5179 3 12 16 43 45 51 5
L 53 5170 -324
D 52 5169 2 10 53 8 5
D 57 5185 2 23 42 25 5
D 56 5183 2 18 57 26 5
D 58 5191 2 30 48 38 5
D 60 5185 2 23 24 25 28
D 59 5183 2 18 60 26 28
D 55 5187 2 56 58 59 5
D 63 5181 2 19 27 21 5
D 64 5181 2 19 20 21 28
D 62 5183 2 63 22 64 5
D 65 5183 2 63 41 64 28
D 61 5187 2 62 58 65 5
D 54 5179 3 12 55 43 61 51 5
D 66 5169 2 8 53 10 9
D 6 5171 3 7 11 52 54 66 5
L 68 4646 -334
D 67 4645 2 4 68 2 5
D 73 5193 2 37 49 35 5
D 72 5191 2 30 73 38 5
D 71 5187 2 17 72 40 5
D 76 5189 2 33 32 31 5
D 77 5189 2 33 39 31 28
D 75 5191 2 76 48 77 5
D 74 5187 2 17 75 40 5
D 70 5179 3 12 71 43 74 51 5
D 81 5185 2 25 24 23 5
D 80 5183 2 18 81 26 5
D 83 5185 2 25 42 23 28
D 82 5183 2 18 83 26 28
D 79 5187 2 80 58 82 5
D 86 5181 2 21 20 19 5
D 87 5181 2 21 27 19 28
D 85 5183 2 86 22 87 5
D 88 5183 2 86 41 87 28
D 84 5187 2 85 58 88 5
D 78 5179 3 12 79 43 84 51 5
D 69 5171 3 7 70 52 78 66 5
D 89 4645 2 2 68 4 3
D 0 4647 3 1 6 67 69 89 5
