c ids of sdd nodes start at 0
c sdd nodes appear bottom-up, children before parents
c
c file syntax:
c sdd count-of-sdd-nodes
c F id-of-false-sdd-node
c T id-of-true-sdd-node
c L id-of-literal-sdd-node id-of-vtree literal
c D id-of-decomposition-sdd-node id-of-vtree number-of-elements {id-of-prime id-of-sub}*
c
sdd 90
L 2 4648 -337
L 3 4650 338
L 4 4648 337
F 5
D 1 4649 2 2 3 4 5
L 8 4656 -335
L 9 4658 336
L 10 4656 335
D 7 4657 2 8 9 10 5
L 13 5804 -141
L 14 5806 142
L 15 5804 141
D 12 5805 2 13 14 15 5
L 19 5840 -2059
L 20 5842 -2060
L 21 5840 2059
D 18 5841 2 19 20 21 5
L 23 5844 -2061
L 24 5846 -2062
L 25 5844 2061
D 22 5845 2 23 24 25 5
L 27 5842 2060
T 28
D 26 5841 2 19 27 21 28
D 17 5843 2 18 22 26 5
L 31 5848 -2063
L 32 5850 -2064
L 33 5848 2063
D 30 5849 2 31 32 33 5
L 35 5852 -2065
L 36 5854 2066
L 37 5852 2065
D 34 5853 2 35 36 37 5
L 39 5850 2064
D 38 5849 2 31 39 33 28
D 29 5851 2 30 34 38 5
L 42 5846 2062
D 41 5845 2 23 42 25 28
D 40 5843 2 18 41 26 28
D 16 5847 2 17 29 40 5
L 44 5806 -142
D 43 5805 2 15 44 13 5
D 47 5849 2 31 39 33 5
L 49 5854 -2066
D 48 5853 2 35 49 37 5
D 50 5849 2 31 32 33 28
D 46 5851 2 47 48 50 5
D 45 5847 2 17 46 40 5
D 51 5805 2 13 44 15 14
D 11 5807 3 12 16 43 45 51 5
L 53 4658 -336
D 52 4657 2 10 53 8 5
D 57 5853 2 37 49 35 5
D 56 5851 2 30 57 38 5
D 55 5847 2 17 56 40 5
D 60 5849 2 33 32 31 5
D 61 5849 2 33 39 31 28
D 59 5851 2 60 48 61 5
D 58 5847 2 17 59 40 5
D 54 5807 3 12 55 43 58 51 5
D 62 4657 2 8 53 10 9
D 6 4659 3 7 11 52 54 62 5
L 64 4650 -338
D 63 4649 2 4 64 2 5
D 69 5845 2 23 42 25 5
D 68 5843 2 18 69 26 5
D 70 5851 2 30 48 38 5
D 72 5845 2 23 24 25 28
D 71 5843 2 18 72 26 28
D 67 5847 2 68 70 71 5
D 75 5841 2 19 27 21 5
D 76 5841 2 19 20 21 28
D 74 5843 2 75 22 76 5
D 77 5843 2 75 41 76 28
D 73 5847 2 74 70 77 5
D 66 5807 3 12 67 43 73 51 5
D 81 5845 2 25 24 23 5
D 80 5843 2 18 81 26 5
D 83 5845 2 25 42 23 28
D 82 5843 2 18 83 26 28
D 79 5847 2 80 70 82 5
D 86 5841 2 21 20 19 5
D 87 5841 2 21 27 19 28
D 85 5843 2 86 22 87 5
D 88 5843 2 86 41 87 28
D 84 5847 2 85 70 88 5
D 78 5807 3 12 79 43 84 51 5
D 65 4659 3 7 66 52 78 62 5
D 89 4649 2 2 64 4 3
D 0 4651 3 1 6 63 65 89 5
