c ids of sdd nodes start at 0
c sdd nodes appear bottom-up, children before parents
c
c file syntax:
c sdd count-of-sdd-nodes
c F id-of-false-sdd-node
c T id-of-true-sdd-node
c L id-of-literal-sdd-node id-of-vtree literal
c D id-of-decomposition-sdd-node id-of-vtree number-of-elements {id-of-prime id-of-sub}*
c
sdd 90
L 2 4648 -337
L 3 4650 338
L 4 4648 337
F 5
D 1 4649 2 2 3 4 5
L 8 5788 -139
L 9 5790 140
L 10 5788 139
D 7 5789 2 8 9 10 5
L 13 6508 -327
L 14 6510 328
L 15 6508 327
D 12 6509 2 13 14 15 5
L 19 6528 -2067
L 20 6530 -2068
L 21 6528 2067
D 18 6529 2 19 20 21 5
L 23 6532 -2069
L 24 6534 -2070
L 25 6532 2069
D 22 6533 2 23 24 25 5
L 27 6530 2068
T 28
D 26 6529 2 19 27 21 28
D 17 6531 2 18 22 26 5
L 31 6536 -2071
L 32 6538 -2072
L 33 6536 2071
D 30 6537 2 31 32 33 5
L 35 6540 -2073
L 36 6542 2074
L 37 6540 2073
D 34 6541 2 35 36 37 5
L 39 6538 2072
D 38 6537 2 31 39 33 28
D 29 6539 2 30 34 38 5
L 42 6534 2070
D 41 6533 2 23 42 25 28
D 40 6531 2 18 41 26 28
D 16 6535 2 17 29 40 5
L 44 6510 -328
D 43 6509 2 15 44 13 5
D 47 6533 2 23 42 25 5
D 46 6531 2 18 47 26 5
L 50 6542 -2074
D 49 6541 2 35 50 37 5
D 48 6539 2 30 49 38 5
D 52 6533 2 23 24 25 28
D 51 6531 2 18 52 26 28
D 45 6535 2 46 48 51 5
D 53 6509 2 13 44 15 14
D 11 6511 3 12 16 43 45 53 5
L 55 5790 -140
D 54 5789 2 10 55 8 5
D 59 6537 2 31 39 33 5
D 60 6537 2 31 32 33 28
D 58 6539 2 59 49 60 5
D 57 6535 2 17 58 40 5
D 63 6529 2 19 27 21 5
D 64 6529 2 19 20 21 28
D 62 6531 2 63 22 64 5
D 65 6531 2 63 41 64 28
D 61 6535 2 62 48 65 5
D 56 6511 3 12 57 43 61 53 5
D 66 5789 2 8 55 10 9
D 6 5791 3 7 11 54 56 66 5
L 68 4650 -338
D 67 4649 2 4 68 2 5
D 73 6541 2 37 50 35 5
D 72 6539 2 30 73 38 5
D 71 6535 2 17 72 40 5
D 76 6533 2 25 24 23 5
D 75 6531 2 18 76 26 5
D 78 6533 2 25 42 23 28
D 77 6531 2 18 78 26 28
D 74 6535 2 75 48 77 5
D 70 6511 3 12 71 43 74 53 5
D 82 6537 2 33 32 31 5
D 83 6537 2 33 39 31 28
D 81 6539 2 82 49 83 5
D 80 6535 2 17 81 40 5
D 86 6529 2 21 20 19 5
D 87 6529 2 21 27 19 28
D 85 6531 2 86 22 87 5
D 88 6531 2 86 41 87 28
D 84 6535 2 85 48 88 5
D 79 6511 3 12 80 43 84 53 5
D 69 5791 3 7 70 54 79 66 5
D 89 4649 2 2 68 4 3
D 0 4651 3 1 6 67 69 89 5
