c ids of sdd nodes start at 0
c sdd nodes appear bottom-up, children before parents
c
c file syntax:
c sdd count-of-sdd-nodes
c F id-of-false-sdd-node
c T id-of-true-sdd-node
c L id-of-literal-sdd-node id-of-vtree literal
c D id-of-decomposition-sdd-node id-of-vtree number-of-elements {id-of-prime id-of-sub}*
c
sdd 90
L 2 5136 -339
L 3 5138 340
L 4 5136 339
F 5
D 1 5137 2 2 3 4 5
L 8 5140 -213
L 9 5142 214
L 10 5140 213
D 7 5141 2 8 9 10 5
L 13 6780 -589
L 14 6782 590
L 15 6780 589
D 12 6781 2 13 14 15 5
L 19 6784 -2075
L 20 6786 -2076
L 21 6784 2075
D 18 6785 2 19 20 21 5
L 23 6788 -2077
L 24 6790 -2078
L 25 6788 2077
D 22 6789 2 23 24 25 5
L 27 6786 2076
T 28
D 26 6785 2 19 27 21 28
D 17 6787 2 18 22 26 5
L 31 6792 -2079
L 32 6794 -2080
L 33 6792 2079
D 30 6793 2 31 32 33 5
L 35 6796 -2081
L 36 6798 2082
L 37 6796 2081
D 34 6797 2 35 36 37 5
L 39 6794 2080
D 38 6793 2 31 39 33 28
D 29 6795 2 30 34 38 5
L 42 6790 2078
D 41 6789 2 23 42 25 28
D 40 6787 2 18 41 26 28
D 16 6791 2 17 29 40 5
L 44 6782 -590
D 43 6781 2 15 44 13 5
D 47 6793 2 31 39 33 5
L 49 6798 -2082
D 48 6797 2 35 49 37 5
D 50 6793 2 31 32 33 28
D 46 6795 2 47 48 50 5
D 45 6791 2 17 46 40 5
D 51 6781 2 13 44 15 14
D 11 6783 3 12 16 43 45 51 5
L 53 5142 -214
D 52 5141 2 10 53 8 5
D 57 6789 2 23 42 25 5
D 56 6787 2 18 57 26 5
D 58 6795 2 30 48 38 5
D 60 6789 2 23 24 25 28
D 59 6787 2 18 60 26 28
D 55 6791 2 56 58 59 5
D 63 6785 2 19 27 21 5
D 64 6785 2 19 20 21 28
D 62 6787 2 63 22 64 5
D 65 6787 2 63 41 64 28
D 61 6791 2 62 58 65 5
D 54 6783 3 12 55 43 61 51 5
D 66 5141 2 8 53 10 9
D 6 5143 3 7 11 52 54 66 5
L 68 5138 -340
D 67 5137 2 4 68 2 5
D 73 6797 2 37 49 35 5
D 72 6795 2 30 73 38 5
D 71 6791 2 17 72 40 5
D 76 6793 2 33 32 31 5
D 77 6793 2 33 39 31 28
D 75 6795 2 76 48 77 5
D 74 6791 2 17 75 40 5
D 70 6783 3 12 71 43 74 51 5
D 81 6789 2 25 24 23 5
D 80 6787 2 18 81 26 5
D 83 6789 2 25 42 23 28
D 82 6787 2 18 83 26 28
D 79 6791 2 80 58 82 5
D 86 6785 2 21 20 19 5
D 87 6785 2 21 27 19 28
D 85 6787 2 86 22 87 5
D 88 6787 2 86 41 87 28
D 84 6791 2 85 58 88 5
D 78 6783 3 12 79 43 84 51 5
D 69 5143 3 7 70 52 78 66 5
D 89 5137 2 2 68 4 3
D 0 5139 3 1 6 67 69 89 5
