c ids of sdd nodes start at 0
c sdd nodes appear bottom-up, children before parents
c
c file syntax:
c sdd count-of-sdd-nodes
c F id-of-false-sdd-node
c T id-of-true-sdd-node
c L id-of-literal-sdd-node id-of-vtree literal
c D id-of-decomposition-sdd-node id-of-vtree number-of-elements {id-of-prime id-of-sub}*
c
sdd 90
L 2 76 -23
L 3 78 24
L 4 76 23
F 5
D 1 77 2 2 3 4 5
L 8 1020 -347
L 9 1022 348
L 10 1020 347
D 7 1021 2 8 9 10 5
L 13 1080 -33
L 14 1082 34
L 15 1080 33
D 12 1081 2 13 14 15 5
L 19 1084 -929
L 20 1086 -930
L 21 1084 929
D 18 1085 2 19 20 21 5
L 23 1088 -931
L 24 1090 -932
L 25 1088 931
D 22 1089 2 23 24 25 5
L 27 1086 930
T 28
D 26 1085 2 19 27 21 28
D 17 1087 2 18 22 26 5
L 31 1092 -933
L 32 1094 -934
L 33 1092 933
D 30 1093 2 31 32 33 5
L 35 1096 -935
L 36 1098 936
L 37 1096 935
D 34 1097 2 35 36 37 5
L 39 1094 934
D 38 1093 2 31 39 33 28
D 29 1095 2 30 34 38 5
L 42 1090 932
D 41 1089 2 23 42 25 28
D 40 1087 2 18 41 26 28
D 16 1091 2 17 29 40 5
L 44 1082 -34
D 43 1081 2 15 44 13 5
L 48 1098 -936
D 47 1097 2 37 48 35 5
D 46 1095 2 30 47 38 5
D 45 1091 2 17 46 40 5
D 49 1081 2 13 44 15 14
D 11 1083 3 12 16 43 45 49 5
L 51 1022 -348
D 50 1021 2 10 51 8 5
D 55 1093 2 31 39 33 5
D 56 1097 2 35 48 37 5
D 57 1093 2 31 32 33 28
D 54 1095 2 55 56 57 5
D 53 1091 2 17 54 40 5
D 60 1093 2 33 32 31 5
D 61 1093 2 33 39 31 28
D 59 1095 2 60 56 61 5
D 58 1091 2 17 59 40 5
D 52 1083 3 12 53 43 58 49 5
D 62 1021 2 8 51 10 9
D 6 1023 3 7 11 50 52 62 5
L 64 78 -24
D 63 77 2 4 64 2 5
D 69 1089 2 23 42 25 5
D 68 1087 2 18 69 26 5
D 70 1095 2 30 56 38 5
D 72 1089 2 23 24 25 28
D 71 1087 2 18 72 26 28
D 67 1091 2 68 70 71 5
D 75 1089 2 25 24 23 5
D 74 1087 2 18 75 26 5
D 77 1089 2 25 42 23 28
D 76 1087 2 18 77 26 28
D 73 1091 2 74 70 76 5
D 66 1083 3 12 67 43 73 49 5
D 81 1085 2 19 27 21 5
D 82 1085 2 19 20 21 28
D 80 1087 2 81 22 82 5
D 83 1087 2 81 41 82 28
D 79 1091 2 80 70 83 5
D 86 1085 2 21 20 19 5
D 87 1085 2 21 27 19 28
D 85 1087 2 86 22 87 5
D 88 1087 2 86 41 87 28
D 84 1091 2 85 70 88 5
D 78 1083 3 12 79 43 84 49 5
D 65 1023 3 7 66 50 78 62 5
D 89 77 2 2 64 4 3
D 0 79 3 1 6 63 65 89 5
