c ids of sdd nodes start at 0
c sdd nodes appear bottom-up, children before parents
c
c file syntax:
c sdd count-of-sdd-nodes
c F id-of-false-sdd-node
c T id-of-true-sdd-node
c L id-of-literal-sdd-node id-of-vtree literal
c D id-of-decomposition-sdd-node id-of-vtree number-of-elements {id-of-prime id-of-sub}*
c
sdd 90
L 2 2632 -799
L 3 2634 800
L 4 2632 799
F 5
D 1 2633 2 2 3 4 5
L 8 2984 -381
L 9 2986 382
L 10 2984 381
D 7 2985 2 8 9 10 5
L 13 3068 -341
L 14 3070 342
L 15 3068 341
D 12 3069 2 13 14 15 5
L 19 3088 -2083
L 20 3090 -2084
L 21 3088 2083
D 18 3089 2 19 20 21 5
L 23 3092 -2085
L 24 3094 -2086
L 25 3092 2085
D 22 3093 2 23 24 25 5
L 27 3090 2084
T 28
D 26 3089 2 19 27 21 28
D 17 3091 2 18 22 26 5
L 31 3096 -2087
L 32 3098 -2088
L 33 3096 2087
D 30 3097 2 31 32 33 5
L 35 3100 -2089
L 36 3102 2090
L 37 3100 2089
D 34 3101 2 35 36 37 5
L 39 3098 2088
D 38 3097 2 31 39 33 28
D 29 3099 2 30 34 38 5
L 42 3094 2086
D 41 3093 2 23 42 25 28
D 40 3091 2 18 41 26 28
D 16 3095 2 17 29 40 5
L 44 3070 -342
D 43 3069 2 15 44 13 5
L 48 3102 -2090
D 47 3101 2 37 48 35 5
D 46 3099 2 30 47 38 5
D 45 3095 2 17 46 40 5
D 49 3069 2 13 44 15 14
D 11 3071 3 12 16 43 45 49 5
L 51 2986 -382
D 50 2985 2 10 51 8 5
D 55 3093 2 23 42 25 5
D 54 3091 2 18 55 26 5
D 57 3101 2 35 48 37 5
D 56 3099 2 30 57 38 5
D 59 3093 2 23 24 25 28
D 58 3091 2 18 59 26 28
D 53 3095 2 54 56 58 5
D 62 3093 2 25 24 23 5
D 61 3091 2 18 62 26 5
D 64 3093 2 25 42 23 28
D 63 3091 2 18 64 26 28
D 60 3095 2 61 56 63 5
D 52 3071 3 12 53 43 60 49 5
D 65 2985 2 8 51 10 9
D 6 2987 3 7 11 50 52 65 5
L 67 2634 -800
D 66 2633 2 4 67 2 5
D 72 3097 2 31 39 33 5
D 73 3097 2 31 32 33 28
D 71 3099 2 72 57 73 5
D 70 3095 2 17 71 40 5
D 76 3097 2 33 32 31 5
D 77 3097 2 33 39 31 28
D 75 3099 2 76 57 77 5
D 74 3095 2 17 75 40 5
D 69 3071 3 12 70 43 74 49 5
D 81 3089 2 19 27 21 5
D 82 3089 2 19 20 21 28
D 80 3091 2 81 22 82 5
D 83 3091 2 81 41 82 28
D 79 3095 2 80 56 83 5
D 86 3089 2 21 20 19 5
D 87 3089 2 21 27 19 28
D 85 3091 2 86 22 87 5
D 88 3091 2 86 41 87 28
D 84 3095 2 85 56 88 5
D 78 3071 3 12 79 43 84 49 5
D 68 2987 3 7 69 50 78 65 5
D 89 2633 2 2 67 4 3
D 0 2635 3 1 6 66 68 89 5
