c ids of sdd nodes start at 0
c sdd nodes appear bottom-up, children before parents
c
c file syntax:
c sdd count-of-sdd-nodes
c F id-of-false-sdd-node
c T id-of-true-sdd-node
c L id-of-literal-sdd-node id-of-vtree literal
c D id-of-decomposition-sdd-node id-of-vtree number-of-elements {id-of-prime id-of-sub}*
c
sdd 90
L 2 5228 -667
L 3 5230 668
L 4 5228 667
F 5
D 1 5229 2 2 3 4 5
L 8 5284 -343
L 9 5286 344
L 10 5284 343
D 7 5285 2 8 9 10 5
L 13 5380 -449
L 14 5382 450
L 15 5380 449
D 12 5381 2 13 14 15 5
L 19 5384 -2091
L 20 5386 -2092
L 21 5384 2091
D 18 5385 2 19 20 21 5
L 23 5388 -2093
L 24 5390 -2094
L 25 5388 2093
D 22 5389 2 23 24 25 5
L 27 5386 2092
T 28
D 26 5385 2 19 27 21 28
D 17 5387 2 18 22 26 5
L 31 5392 -2095
L 32 5394 -2096
L 33 5392 2095
D 30 5393 2 31 32 33 5
L 35 5396 -2097
L 36 5398 2098
L 37 5396 2097
D 34 5397 2 35 36 37 5
L 39 5394 2096
D 38 5393 2 31 39 33 28
D 29 5395 2 30 34 38 5
L 42 5390 2094
D 41 5389 2 23 42 25 28
D 40 5387 2 18 41 26 28
D 16 5391 2 17 29 40 5
L 44 5382 -450
D 43 5381 2 15 44 13 5
D 47 5389 2 23 42 25 5
D 46 5387 2 18 47 26 5
L 50 5398 -2098
D 49 5397 2 35 50 37 5
D 48 5395 2 30 49 38 5
D 52 5389 2 23 24 25 28
D 51 5387 2 18 52 26 28
D 45 5391 2 46 48 51 5
D 53 5381 2 13 44 15 14
D 11 5383 3 12 16 43 45 53 5
L 55 5286 -344
D 54 5285 2 10 55 8 5
D 59 5397 2 37 50 35 5
D 58 5395 2 30 59 38 5
D 57 5391 2 17 58 40 5
D 62 5389 2 25 24 23 5
D 61 5387 2 18 62 26 5
D 64 5389 2 25 42 23 28
D 63 5387 2 18 64 26 28
D 60 5391 2 61 48 63 5
D 56 5383 3 12 57 43 60 53 5
D 65 5285 2 8 55 10 9
D 6 5287 3 7 11 54 56 65 5
L 67 5230 -668
D 66 5229 2 4 67 2 5
D 72 5393 2 31 39 33 5
D 73 5393 2 31 32 33 28
D 71 5395 2 72 49 73 5
D 70 5391 2 17 71 40 5
D 76 5385 2 19 27 21 5
D 77 5385 2 19 20 21 28
D 75 5387 2 76 22 77 5
D 78 5387 2 76 41 77 28
D 74 5391 2 75 48 78 5
D 69 5383 3 12 70 43 74 53 5
D 82 5393 2 33 32 31 5
D 83 5393 2 33 39 31 28
D 81 5395 2 82 49 83 5
D 80 5391 2 17 81 40 5
D 86 5385 2 21 20 19 5
D 87 5385 2 21 27 19 28
D 85 5387 2 86 22 87 5
D 88 5387 2 86 41 87 28
D 84 5391 2 85 48 88 5
D 79 5383 3 12 80 43 84 53 5
D 68 5287 3 7 69 54 79 65 5
D 89 5229 2 2 67 4 3
D 0 5231 3 1 6 66 68 89 5
