c ids of sdd nodes start at 0
c sdd nodes appear bottom-up, children before parents
c
c file syntax:
c sdd count-of-sdd-nodes
c F id-of-false-sdd-node
c T id-of-true-sdd-node
c L id-of-literal-sdd-node id-of-vtree literal
c D id-of-decomposition-sdd-node id-of-vtree number-of-elements {id-of-prime id-of-sub}*
c
sdd 90
L 2 4872 -445
L 3 4874 446
L 4 4872 445
F 5
D 1 4873 2 2 3 4 5
L 8 4984 -655
L 9 4986 656
L 10 4984 655
D 7 4985 2 8 9 10 5
L 13 5076 -345
L 14 5078 346
L 15 5076 345
D 12 5077 2 13 14 15 5
L 19 5080 -2099
L 20 5082 -2100
L 21 5080 2099
D 18 5081 2 19 20 21 5
L 23 5084 -2101
L 24 5086 -2102
L 25 5084 2101
D 22 5085 2 23 24 25 5
L 27 5082 2100
T 28
D 26 5081 2 19 27 21 28
D 17 5083 2 18 22 26 5
L 31 5088 -2103
L 32 5090 -2104
L 33 5088 2103
D 30 5089 2 31 32 33 5
L 35 5092 -2105
L 36 5094 2106
L 37 5092 2105
D 34 5093 2 35 36 37 5
L 39 5090 2104
D 38 5089 2 31 39 33 28
D 29 5091 2 30 34 38 5
L 42 5086 2102
D 41 5085 2 23 42 25 28
D 40 5083 2 18 41 26 28
D 16 5087 2 17 29 40 5
L 44 5078 -346
D 43 5077 2 15 44 13 5
L 48 5094 -2106
D 47 5093 2 37 48 35 5
D 46 5091 2 30 47 38 5
D 45 5087 2 17 46 40 5
D 49 5077 2 13 44 15 14
D 11 5079 3 12 16 43 45 49 5
L 51 4986 -656
D 50 4985 2 10 51 8 5
D 55 5089 2 31 39 33 5
D 56 5093 2 35 48 37 5
D 57 5089 2 31 32 33 28
D 54 5091 2 55 56 57 5
D 53 5087 2 17 54 40 5
D 60 5089 2 33 32 31 5
D 61 5089 2 33 39 31 28
D 59 5091 2 60 56 61 5
D 58 5087 2 17 59 40 5
D 52 5079 3 12 53 43 58 49 5
D 62 4985 2 8 51 10 9
D 6 4987 3 7 11 50 52 62 5
L 64 4874 -446
D 63 4873 2 4 64 2 5
D 69 5085 2 23 42 25 5
D 68 5083 2 18 69 26 5
D 70 5091 2 30 56 38 5
D 72 5085 2 23 24 25 28
D 71 5083 2 18 72 26 28
D 67 5087 2 68 70 71 5
D 75 5085 2 25 24 23 5
D 74 5083 2 18 75 26 5
D 77 5085 2 25 42 23 28
D 76 5083 2 18 77 26 28
D 73 5087 2 74 70 76 5
D 66 5079 3 12 67 43 73 49 5
D 81 5081 2 19 27 21 5
D 82 5081 2 19 20 21 28
D 80 5083 2 81 22 82 5
D 83 5083 2 81 41 82 28
D 79 5087 2 80 70 83 5
D 86 5081 2 21 20 19 5
D 87 5081 2 21 27 19 28
D 85 5083 2 86 22 87 5
D 88 5083 2 86 41 87 28
D 84 5087 2 85 70 88 5
D 78 5079 3 12 79 43 84 49 5
D 65 4987 3 7 66 50 78 62 5
D 89 4873 2 2 64 4 3
D 0 4875 3 1 6 63 65 89 5
