c ids of sdd nodes start at 0
c sdd nodes appear bottom-up, children before parents
c
c file syntax:
c sdd count-of-sdd-nodes
c F id-of-false-sdd-node
c T id-of-true-sdd-node
c L id-of-literal-sdd-node id-of-vtree literal
c D id-of-decomposition-sdd-node id-of-vtree number-of-elements {id-of-prime id-of-sub}*
c
sdd 90
L 2 740 -789
L 3 742 790
L 4 740 789
F 5
D 1 741 2 2 3 4 5
L 8 1020 -347
L 9 1022 348
L 10 1020 347
D 7 1021 2 8 9 10 5
L 13 1024 -457
L 14 1026 458
L 15 1024 457
D 12 1025 2 13 14 15 5
L 19 1044 -2107
L 20 1046 -2108
L 21 1044 2107
D 18 1045 2 19 20 21 5
L 23 1048 -2109
L 24 1050 -2110
L 25 1048 2109
D 22 1049 2 23 24 25 5
L 27 1046 2108
T 28
D 26 1045 2 19 27 21 28
D 17 1047 2 18 22 26 5
L 31 1052 -2111
L 32 1054 -2112
L 33 1052 2111
D 30 1053 2 31 32 33 5
L 35 1056 -2113
L 36 1058 2114
L 37 1056 2113
D 34 1057 2 35 36 37 5
L 39 1054 2112
D 38 1053 2 31 39 33 28
D 29 1055 2 30 34 38 5
L 42 1050 2110
D 41 1049 2 23 42 25 28
D 40 1047 2 18 41 26 28
D 16 1051 2 17 29 40 5
L 44 1026 -458
D 43 1025 2 15 44 13 5
D 47 1049 2 23 42 25 5
D 46 1047 2 18 47 26 5
L 50 1058 -2114
D 49 1057 2 35 50 37 5
D 48 1055 2 30 49 38 5
D 52 1049 2 23 24 25 28
D 51 1047 2 18 52 26 28
D 45 1051 2 46 48 51 5
D 53 1025 2 13 44 15 14
D 11 1027 3 12 16 43 45 53 5
L 55 1022 -348
D 54 1021 2 10 55 8 5
D 59 1057 2 37 50 35 5
D 58 1055 2 30 59 38 5
D 57 1051 2 17 58 40 5
D 62 1049 2 25 24 23 5
D 61 1047 2 18 62 26 5
D 64 1049 2 25 42 23 28
D 63 1047 2 18 64 26 28
D 60 1051 2 61 48 63 5
D 56 1027 3 12 57 43 60 53 5
D 65 1021 2 8 55 10 9
D 6 1023 3 7 11 54 56 65 5
L 67 742 -790
D 66 741 2 4 67 2 5
D 72 1053 2 31 39 33 5
D 73 1053 2 31 32 33 28
D 71 1055 2 72 49 73 5
D 70 1051 2 17 71 40 5
D 76 1045 2 19 27 21 5
D 77 1045 2 19 20 21 28
D 75 1047 2 76 22 77 5
D 78 1047 2 76 41 77 28
D 74 1051 2 75 48 78 5
D 69 1027 3 12 70 43 74 53 5
D 82 1053 2 33 32 31 5
D 83 1053 2 33 39 31 28
D 81 1055 2 82 49 83 5
D 80 1051 2 17 81 40 5
D 86 1045 2 21 20 19 5
D 87 1045 2 21 27 19 28
D 85 1047 2 86 22 87 5
D 88 1047 2 86 41 87 28
D 84 1051 2 85 48 88 5
D 79 1027 3 12 80 43 84 53 5
D 68 1023 3 7 69 54 79 65 5
D 89 741 2 2 67 4 3
D 0 743 3 1 6 66 68 89 5
