c ids of sdd nodes start at 0
c sdd nodes appear bottom-up, children before parents
c
c file syntax:
c sdd count-of-sdd-nodes
c F id-of-false-sdd-node
c T id-of-true-sdd-node
c L id-of-literal-sdd-node id-of-vtree literal
c D id-of-decomposition-sdd-node id-of-vtree number-of-elements {id-of-prime id-of-sub}*
c
sdd 90
L 2 1672 -355
L 3 1674 356
L 4 1672 355
F 5
D 1 1673 2 2 3 4 5
L 8 1680 -745
L 9 1682 746
L 10 1680 745
D 7 1681 2 8 9 10 5
L 13 1872 -393
L 14 1874 394
L 15 1872 393
D 12 1873 2 13 14 15 5
L 19 1892 -2139
L 20 1894 -2140
L 21 1892 2139
D 18 1893 2 19 20 21 5
L 23 1896 -2141
L 24 1898 -2142
L 25 1896 2141
D 22 1897 2 23 24 25 5
L 27 1894 2140
T 28
D 26 1893 2 19 27 21 28
D 17 1895 2 18 22 26 5
L 31 1900 -2143
L 32 1902 -2144
L 33 1900 2143
D 30 1901 2 31 32 33 5
L 35 1904 -2145
L 36 1906 2146
L 37 1904 2145
D 34 1905 2 35 36 37 5
L 39 1902 2144
D 38 1901 2 31 39 33 28
D 29 1903 2 30 34 38 5
L 42 1898 2142
D 41 1897 2 23 42 25 28
D 40 1895 2 18 41 26 28
D 16 1899 2 17 29 40 5
L 44 1874 -394
D 43 1873 2 15 44 13 5
D 47 1897 2 23 42 25 5
D 46 1895 2 18 47 26 5
L 50 1906 -2146
D 49 1905 2 35 50 37 5
D 48 1903 2 30 49 38 5
D 52 1897 2 23 24 25 28
D 51 1895 2 18 52 26 28
D 45 1899 2 46 48 51 5
D 53 1873 2 13 44 15 14
D 11 1875 3 12 16 43 45 53 5
L 55 1682 -746
D 54 1681 2 10 55 8 5
D 59 1901 2 31 39 33 5
D 60 1901 2 31 32 33 28
D 58 1903 2 59 49 60 5
D 57 1899 2 17 58 40 5
D 63 1893 2 19 27 21 5
D 64 1893 2 19 20 21 28
D 62 1895 2 63 22 64 5
D 65 1895 2 63 41 64 28
D 61 1899 2 62 48 65 5
D 56 1875 3 12 57 43 61 53 5
D 66 1681 2 8 55 10 9
D 6 1683 3 7 11 54 56 66 5
L 68 1674 -356
D 67 1673 2 4 68 2 5
D 73 1905 2 37 50 35 5
D 72 1903 2 30 73 38 5
D 71 1899 2 17 72 40 5
D 76 1897 2 25 24 23 5
D 75 1895 2 18 76 26 5
D 78 1897 2 25 42 23 28
D 77 1895 2 18 78 26 28
D 74 1899 2 75 48 77 5
D 70 1875 3 12 71 43 74 53 5
D 82 1901 2 33 32 31 5
D 83 1901 2 33 39 31 28
D 81 1903 2 82 49 83 5
D 80 1899 2 17 81 40 5
D 86 1893 2 21 20 19 5
D 87 1893 2 21 27 19 28
D 85 1895 2 86 22 87 5
D 88 1895 2 86 41 87 28
D 84 1899 2 85 48 88 5
D 79 1875 3 12 80 43 84 53 5
D 69 1683 3 7 70 54 79 66 5
D 89 1673 2 2 68 4 3
D 0 1675 3 1 6 67 69 89 5
