c ids of sdd nodes start at 0
c sdd nodes appear bottom-up, children before parents
c
c file syntax:
c sdd count-of-sdd-nodes
c F id-of-false-sdd-node
c T id-of-true-sdd-node
c L id-of-literal-sdd-node id-of-vtree literal
c D id-of-decomposition-sdd-node id-of-vtree number-of-elements {id-of-prime id-of-sub}*
c
sdd 90
L 2 1676 -359
L 3 1678 360
L 4 1676 359
F 5
D 1 1677 2 2 3 4 5
L 8 1956 -357
L 9 1958 358
L 10 1956 357
D 7 1957 2 8 9 10 5
L 13 1976 -95
L 14 1978 96
L 15 1976 95
D 12 1977 2 13 14 15 5
L 19 2012 -2147
L 20 2014 -2148
L 21 2012 2147
D 18 2013 2 19 20 21 5
L 23 2016 -2149
L 24 2018 -2150
L 25 2016 2149
D 22 2017 2 23 24 25 5
L 27 2014 2148
T 28
D 26 2013 2 19 27 21 28
D 17 2015 2 18 22 26 5
L 31 2020 -2151
L 32 2022 -2152
L 33 2020 2151
D 30 2021 2 31 32 33 5
L 35 2024 -2153
L 36 2026 2154
L 37 2024 2153
D 34 2025 2 35 36 37 5
L 39 2022 2152
D 38 2021 2 31 39 33 28
D 29 2023 2 30 34 38 5
L 42 2018 2150
D 41 2017 2 23 42 25 28
D 40 2015 2 18 41 26 28
D 16 2019 2 17 29 40 5
L 44 1978 -96
D 43 1977 2 15 44 13 5
D 47 2021 2 31 39 33 5
L 49 2026 -2154
D 48 2025 2 35 49 37 5
D 50 2021 2 31 32 33 28
D 46 2023 2 47 48 50 5
D 45 2019 2 17 46 40 5
D 51 1977 2 13 44 15 14
D 11 1979 3 12 16 43 45 51 5
L 53 1958 -358
D 52 1957 2 10 53 8 5
D 57 2025 2 37 49 35 5
D 56 2023 2 30 57 38 5
D 55 2019 2 17 56 40 5
D 60 2021 2 33 32 31 5
D 61 2021 2 33 39 31 28
D 59 2023 2 60 48 61 5
D 58 2019 2 17 59 40 5
D 54 1979 3 12 55 43 58 51 5
D 62 1957 2 8 53 10 9
D 6 1959 3 7 11 52 54 62 5
L 64 1678 -360
D 63 1677 2 4 64 2 5
D 69 2017 2 23 42 25 5
D 68 2015 2 18 69 26 5
D 70 2023 2 30 48 38 5
D 72 2017 2 23 24 25 28
D 71 2015 2 18 72 26 28
D 67 2019 2 68 70 71 5
D 75 2013 2 19 27 21 5
D 76 2013 2 19 20 21 28
D 74 2015 2 75 22 76 5
D 77 2015 2 75 41 76 28
D 73 2019 2 74 70 77 5
D 66 1979 3 12 67 43 73 51 5
D 81 2017 2 25 24 23 5
D 80 2015 2 18 81 26 5
D 83 2017 2 25 42 23 28
D 82 2015 2 18 83 26 28
D 79 2019 2 80 70 82 5
D 86 2013 2 21 20 19 5
D 87 2013 2 21 27 19 28
D 85 2015 2 86 22 87 5
D 88 2015 2 86 41 87 28
D 84 2019 2 85 70 88 5
D 78 1979 3 12 79 43 84 51 5
D 65 1959 3 7 66 52 78 62 5
D 89 1677 2 2 64 4 3
D 0 1679 3 1 6 63 65 89 5
