c ids of sdd nodes start at 0
c sdd nodes appear bottom-up, children before parents
c
c file syntax:
c sdd count-of-sdd-nodes
c F id-of-false-sdd-node
c T id-of-true-sdd-node
c L id-of-literal-sdd-node id-of-vtree literal
c D id-of-decomposition-sdd-node id-of-vtree number-of-elements {id-of-prime id-of-sub}*
c
sdd 90
L 2 1316 -93
L 3 1318 94
L 4 1316 93
F 5
D 1 1317 2 2 3 4 5
L 8 1676 -359
L 9 1678 360
L 10 1676 359
D 7 1677 2 8 9 10 5
L 13 1712 -369
L 14 1714 370
L 15 1712 369
D 12 1713 2 13 14 15 5
L 19 1716 -2155
L 20 1718 -2156
L 21 1716 2155
D 18 1717 2 19 20 21 5
L 23 1720 -2157
L 24 1722 -2158
L 25 1720 2157
D 22 1721 2 23 24 25 5
L 27 1718 2156
T 28
D 26 1717 2 19 27 21 28
D 17 1719 2 18 22 26 5
L 31 1724 -2159
L 32 1726 -2160
L 33 1724 2159
D 30 1725 2 31 32 33 5
L 35 1728 -2161
L 36 1730 2162
L 37 1728 2161
D 34 1729 2 35 36 37 5
L 39 1726 2160
D 38 1725 2 31 39 33 28
D 29 1727 2 30 34 38 5
L 42 1722 2158
D 41 1721 2 23 42 25 28
D 40 1719 2 18 41 26 28
D 16 1723 2 17 29 40 5
L 44 1714 -370
D 43 1713 2 15 44 13 5
D 47 1721 2 23 42 25 5
D 46 1719 2 18 47 26 5
L 50 1730 -2162
D 49 1729 2 35 50 37 5
D 48 1727 2 30 49 38 5
D 52 1721 2 23 24 25 28
D 51 1719 2 18 52 26 28
D 45 1723 2 46 48 51 5
D 53 1713 2 13 44 15 14
D 11 1715 3 12 16 43 45 53 5
L 55 1678 -360
D 54 1677 2 10 55 8 5
D 59 1729 2 37 50 35 5
D 58 1727 2 30 59 38 5
D 57 1723 2 17 58 40 5
D 62 1721 2 25 24 23 5
D 61 1719 2 18 62 26 5
D 64 1721 2 25 42 23 28
D 63 1719 2 18 64 26 28
D 60 1723 2 61 48 63 5
D 56 1715 3 12 57 43 60 53 5
D 65 1677 2 8 55 10 9
D 6 1679 3 7 11 54 56 65 5
L 67 1318 -94
D 66 1317 2 4 67 2 5
D 72 1725 2 31 39 33 5
D 73 1725 2 31 32 33 28
D 71 1727 2 72 49 73 5
D 70 1723 2 17 71 40 5
D 76 1717 2 19 27 21 5
D 77 1717 2 19 20 21 28
D 75 1719 2 76 22 77 5
D 78 1719 2 76 41 77 28
D 74 1723 2 75 48 78 5
D 69 1715 3 12 70 43 74 53 5
D 82 1725 2 33 32 31 5
D 83 1725 2 33 39 31 28
D 81 1727 2 82 49 83 5
D 80 1723 2 17 81 40 5
D 86 1717 2 21 20 19 5
D 87 1717 2 21 27 19 28
D 85 1719 2 86 22 87 5
D 88 1719 2 86 41 87 28
D 84 1723 2 85 48 88 5
D 79 1715 3 12 80 43 84 53 5
D 68 1679 3 7 69 54 79 65 5
D 89 1317 2 2 67 4 3
D 0 1319 3 1 6 66 68 89 5
