c ids of sdd nodes start at 0
c sdd nodes appear bottom-up, children before parents
c
c file syntax:
c sdd count-of-sdd-nodes
c F id-of-false-sdd-node
c T id-of-true-sdd-node
c L id-of-literal-sdd-node id-of-vtree literal
c D id-of-decomposition-sdd-node id-of-vtree number-of-elements {id-of-prime id-of-sub}*
c
sdd 90
L 2 1924 -361
L 3 1926 362
L 4 1924 361
F 5
D 1 1925 2 2 3 4 5
L 8 1948 -363
L 9 1950 364
L 10 1948 363
D 7 1949 2 8 9 10 5
L 13 2104 -99
L 14 2106 100
L 15 2104 99
D 12 2105 2 13 14 15 5
L 19 2124 -2163
L 20 2126 -2164
L 21 2124 2163
D 18 2125 2 19 20 21 5
L 23 2128 -2165
L 24 2130 -2166
L 25 2128 2165
D 22 2129 2 23 24 25 5
L 27 2126 2164
T 28
D 26 2125 2 19 27 21 28
D 17 2127 2 18 22 26 5
L 31 2132 -2167
L 32 2134 -2168
L 33 2132 2167
D 30 2133 2 31 32 33 5
L 35 2136 -2169
L 36 2138 2170
L 37 2136 2169
D 34 2137 2 35 36 37 5
L 39 2134 2168
D 38 2133 2 31 39 33 28
D 29 2135 2 30 34 38 5
L 42 2130 2166
D 41 2129 2 23 42 25 28
D 40 2127 2 18 41 26 28
D 16 2131 2 17 29 40 5
L 44 2106 -100
D 43 2105 2 15 44 13 5
D 47 2133 2 31 39 33 5
L 49 2138 -2170
D 48 2137 2 35 49 37 5
D 50 2133 2 31 32 33 28
D 46 2135 2 47 48 50 5
D 45 2131 2 17 46 40 5
D 51 2105 2 13 44 15 14
D 11 2107 3 12 16 43 45 51 5
L 53 1950 -364
D 52 1949 2 10 53 8 5
D 57 2129 2 23 42 25 5
D 56 2127 2 18 57 26 5
D 58 2135 2 30 48 38 5
D 60 2129 2 23 24 25 28
D 59 2127 2 18 60 26 28
D 55 2131 2 56 58 59 5
D 63 2125 2 19 27 21 5
D 64 2125 2 19 20 21 28
D 62 2127 2 63 22 64 5
D 65 2127 2 63 41 64 28
D 61 2131 2 62 58 65 5
D 54 2107 3 12 55 43 61 51 5
D 66 1949 2 8 53 10 9
D 6 1951 3 7 11 52 54 66 5
L 68 1926 -362
D 67 1925 2 4 68 2 5
D 73 2137 2 37 49 35 5
D 72 2135 2 30 73 38 5
D 71 2131 2 17 72 40 5
D 76 2133 2 33 32 31 5
D 77 2133 2 33 39 31 28
D 75 2135 2 76 48 77 5
D 74 2131 2 17 75 40 5
D 70 2107 3 12 71 43 74 51 5
D 81 2129 2 25 24 23 5
D 80 2127 2 18 81 26 5
D 83 2129 2 25 42 23 28
D 82 2127 2 18 83 26 28
D 79 2131 2 80 58 82 5
D 86 2125 2 21 20 19 5
D 87 2125 2 21 27 19 28
D 85 2127 2 86 22 87 5
D 88 2127 2 86 41 87 28
D 84 2131 2 85 58 88 5
D 78 2107 3 12 79 43 84 51 5
D 69 1951 3 7 70 52 78 66 5
D 89 1925 2 2 68 4 3
D 0 1927 3 1 6 67 69 89 5
