c ids of sdd nodes start at 0
c sdd nodes appear bottom-up, children before parents
c
c file syntax:
c sdd count-of-sdd-nodes
c F id-of-false-sdd-node
c T id-of-true-sdd-node
c L id-of-literal-sdd-node id-of-vtree literal
c D id-of-decomposition-sdd-node id-of-vtree number-of-elements {id-of-prime id-of-sub}*
c
sdd 90
L 2 20 -87
L 3 22 88
L 4 20 87
F 5
D 1 21 2 2 3 4 5
L 8 44 -365
L 9 46 366
L 10 44 365
D 7 45 2 8 9 10 5
L 13 3416 -367
L 14 3418 368
L 15 3416 367
D 12 3417 2 13 14 15 5
L 19 3420 -2179
L 20 3422 -2180
L 21 3420 2179
D 18 3421 2 19 20 21 5
L 23 3424 -2181
L 24 3426 -2182
L 25 3424 2181
D 22 3425 2 23 24 25 5
L 27 3422 2180
T 28
D 26 3421 2 19 27 21 28
D 17 3423 2 18 22 26 5
L 31 3428 -2183
L 32 3430 -2184
L 33 3428 2183
D 30 3429 2 31 32 33 5
L 35 3432 -2185
L 36 3434 2186
L 37 3432 2185
D 34 3433 2 35 36 37 5
L 39 3430 2184
D 38 3429 2 31 39 33 28
D 29 3431 2 30 34 38 5
L 42 3426 2182
D 41 3425 2 23 42 25 28
D 40 3423 2 18 41 26 28
D 16 3427 2 17 29 40 5
L 44 3418 -368
D 43 3417 2 15 44 13 5
D 47 3425 2 23 42 25 5
D 46 3423 2 18 47 26 5
L 50 3434 -2186
D 49 3433 2 35 50 37 5
D 48 3431 2 30 49 38 5
D 52 3425 2 23 24 25 28
D 51 3423 2 18 52 26 28
D 45 3427 2 46 48 51 5
D 53 3417 2 13 44 15 14
D 11 3419 3 12 16 43 45 53 5
L 55 46 -366
D 54 45 2 10 55 8 5
D 59 3433 2 37 50 35 5
D 58 3431 2 30 59 38 5
D 57 3427 2 17 58 40 5
D 62 3425 2 25 24 23 5
D 61 3423 2 18 62 26 5
D 64 3425 2 25 42 23 28
D 63 3423 2 18 64 26 28
D 60 3427 2 61 48 63 5
D 56 3419 3 12 57 43 60 53 5
D 65 45 2 8 55 10 9
D 6 47 3 7 11 54 56 65 5
L 67 22 -88
D 66 21 2 4 67 2 5
D 72 3429 2 31 39 33 5
D 73 3429 2 31 32 33 28
D 71 3431 2 72 49 73 5
D 70 3427 2 17 71 40 5
D 76 3421 2 19 27 21 5
D 77 3421 2 19 20 21 28
D 75 3423 2 76 22 77 5
D 78 3423 2 76 41 77 28
D 74 3427 2 75 48 78 5
D 69 3419 3 12 70 43 74 53 5
D 82 3429 2 33 32 31 5
D 83 3429 2 33 39 31 28
D 81 3431 2 82 49 83 5
D 80 3427 2 17 81 40 5
D 86 3421 2 21 20 19 5
D 87 3421 2 21 27 19 28
D 85 3423 2 86 22 87 5
D 88 3423 2 86 41 87 28
D 84 3427 2 85 48 88 5
D 79 3419 3 12 80 43 84 53 5
D 68 47 3 7 69 54 79 65 5
D 89 21 2 2 67 4 3
D 0 23 3 1 6 66 68 89 5
