c ids of sdd nodes start at 0
c sdd nodes appear bottom-up, children before parents
c
c file syntax:
c sdd count-of-sdd-nodes
c F id-of-false-sdd-node
c T id-of-true-sdd-node
c L id-of-literal-sdd-node id-of-vtree literal
c D id-of-decomposition-sdd-node id-of-vtree number-of-elements {id-of-prime id-of-sub}*
c
sdd 90
L 2 3332 -85
L 3 3334 86
L 4 3332 85
F 5
D 1 3333 2 2 3 4 5
L 8 3344 -703
L 9 3346 704
L 10 3344 703
D 7 3345 2 8 9 10 5
L 13 3416 -367
L 14 3418 368
L 15 3416 367
D 12 3417 2 13 14 15 5
L 19 3436 -2187
L 20 3438 -2188
L 21 3436 2187
D 18 3437 2 19 20 21 5
L 23 3440 -2189
L 24 3442 -2190
L 25 3440 2189
D 22 3441 2 23 24 25 5
L 27 3438 2188
T 28
D 26 3437 2 19 27 21 28
D 17 3439 2 18 22 26 5
L 31 3444 -2191
L 32 3446 -2192
L 33 3444 2191
D 30 3445 2 31 32 33 5
L 35 3448 -2193
L 36 3450 2194
L 37 3448 2193
D 34 3449 2 35 36 37 5
L 39 3446 2192
D 38 3445 2 31 39 33 28
D 29 3447 2 30 34 38 5
L 42 3442 2190
D 41 3441 2 23 42 25 28
D 40 3439 2 18 41 26 28
D 16 3443 2 17 29 40 5
L 44 3418 -368
D 43 3417 2 15 44 13 5
L 48 3450 -2194
D 47 3449 2 37 48 35 5
D 46 3447 2 30 47 38 5
D 45 3443 2 17 46 40 5
D 49 3417 2 13 44 15 14
D 11 3419 3 12 16 43 45 49 5
L 51 3346 -704
D 50 3345 2 10 51 8 5
D 55 3441 2 23 42 25 5
D 54 3439 2 18 55 26 5
D 57 3449 2 35 48 37 5
D 56 3447 2 30 57 38 5
D 59 3441 2 23 24 25 28
D 58 3439 2 18 59 26 28
D 53 3443 2 54 56 58 5
D 62 3441 2 25 24 23 5
D 61 3439 2 18 62 26 5
D 64 3441 2 25 42 23 28
D 63 3439 2 18 64 26 28
D 60 3443 2 61 56 63 5
D 52 3419 3 12 53 43 60 49 5
D 65 3345 2 8 51 10 9
D 6 3347 3 7 11 50 52 65 5
L 67 3334 -86
D 66 3333 2 4 67 2 5
D 72 3445 2 31 39 33 5
D 73 3445 2 31 32 33 28
D 71 3447 2 72 57 73 5
D 70 3443 2 17 71 40 5
D 76 3445 2 33 32 31 5
D 77 3445 2 33 39 31 28
D 75 3447 2 76 57 77 5
D 74 3443 2 17 75 40 5
D 69 3419 3 12 70 43 74 49 5
D 81 3437 2 19 27 21 5
D 82 3437 2 19 20 21 28
D 80 3439 2 81 22 82 5
D 83 3439 2 81 41 82 28
D 79 3443 2 80 56 83 5
D 86 3437 2 21 20 19 5
D 87 3437 2 21 27 19 28
D 85 3439 2 86 22 87 5
D 88 3439 2 86 41 87 28
D 84 3443 2 85 56 88 5
D 78 3419 3 12 79 43 84 49 5
D 68 3347 3 7 69 50 78 65 5
D 89 3333 2 2 67 4 3
D 0 3335 3 1 6 66 68 89 5
