c ids of sdd nodes start at 0
c sdd nodes appear bottom-up, children before parents
c
c file syntax:
c sdd count-of-sdd-nodes
c F id-of-false-sdd-node
c T id-of-true-sdd-node
c L id-of-literal-sdd-node id-of-vtree literal
c D id-of-decomposition-sdd-node id-of-vtree number-of-elements {id-of-prime id-of-sub}*
c
sdd 90
L 2 1328 -91
L 3 1330 92
L 4 1328 91
F 5
D 1 1329 2 2 3 4 5
L 8 1712 -369
L 9 1714 370
L 10 1712 369
D 7 1713 2 8 9 10 5
L 13 1748 -371
L 14 1750 372
L 15 1748 371
D 12 1749 2 13 14 15 5
L 19 1752 -2195
L 20 1754 -2196
L 21 1752 2195
D 18 1753 2 19 20 21 5
L 23 1756 -2197
L 24 1758 -2198
L 25 1756 2197
D 22 1757 2 23 24 25 5
L 27 1754 2196
T 28
D 26 1753 2 19 27 21 28
D 17 1755 2 18 22 26 5
L 31 1760 -2199
L 32 1762 -2200
L 33 1760 2199
D 30 1761 2 31 32 33 5
L 35 1764 -2201
L 36 1766 2202
L 37 1764 2201
D 34 1765 2 35 36 37 5
L 39 1762 2200
D 38 1761 2 31 39 33 28
D 29 1763 2 30 34 38 5
L 42 1758 2198
D 41 1757 2 23 42 25 28
D 40 1755 2 18 41 26 28
D 16 1759 2 17 29 40 5
L 44 1750 -372
D 43 1749 2 15 44 13 5
D 47 1757 2 23 42 25 5
D 46 1755 2 18 47 26 5
L 50 1766 -2202
D 49 1765 2 35 50 37 5
D 48 1763 2 30 49 38 5
D 52 1757 2 23 24 25 28
D 51 1755 2 18 52 26 28
D 45 1759 2 46 48 51 5
D 53 1749 2 13 44 15 14
D 11 1751 3 12 16 43 45 53 5
L 55 1714 -370
D 54 1713 2 10 55 8 5
D 59 1765 2 37 50 35 5
D 58 1763 2 30 59 38 5
D 57 1759 2 17 58 40 5
D 62 1757 2 25 24 23 5
D 61 1755 2 18 62 26 5
D 64 1757 2 25 42 23 28
D 63 1755 2 18 64 26 28
D 60 1759 2 61 48 63 5
D 56 1751 3 12 57 43 60 53 5
D 65 1713 2 8 55 10 9
D 6 1715 3 7 11 54 56 65 5
L 67 1330 -92
D 66 1329 2 4 67 2 5
D 72 1761 2 31 39 33 5
D 73 1761 2 31 32 33 28
D 71 1763 2 72 49 73 5
D 70 1759 2 17 71 40 5
D 76 1753 2 19 27 21 5
D 77 1753 2 19 20 21 28
D 75 1755 2 76 22 77 5
D 78 1755 2 76 41 77 28
D 74 1759 2 75 48 78 5
D 69 1751 3 12 70 43 74 53 5
D 82 1761 2 33 32 31 5
D 83 1761 2 33 39 31 28
D 81 1763 2 82 49 83 5
D 80 1759 2 17 81 40 5
D 86 1753 2 21 20 19 5
D 87 1753 2 21 27 19 28
D 85 1755 2 86 22 87 5
D 88 1755 2 86 41 87 28
D 84 1759 2 85 48 88 5
D 79 1751 3 12 80 43 84 53 5
D 68 1715 3 7 69 54 79 65 5
D 89 1329 2 2 67 4 3
D 0 1331 3 1 6 66 68 89 5
