c ids of sdd nodes start at 0
c sdd nodes appear bottom-up, children before parents
c
c file syntax:
c sdd count-of-sdd-nodes
c F id-of-false-sdd-node
c T id-of-true-sdd-node
c L id-of-literal-sdd-node id-of-vtree literal
c D id-of-decomposition-sdd-node id-of-vtree number-of-elements {id-of-prime id-of-sub}*
c
sdd 90
L 2 1924 -361
L 3 1926 362
L 4 1924 361
F 5
D 1 1925 2 2 3 4 5
L 8 1940 -81
L 9 1942 82
L 10 1940 81
D 7 1941 2 8 9 10 5
L 13 2604 -375
L 14 2606 376
L 15 2604 375
D 12 2605 2 13 14 15 5
L 19 2608 -2219
L 20 2610 -2220
L 21 2608 2219
D 18 2609 2 19 20 21 5
L 23 2612 -2221
L 24 2614 -2222
L 25 2612 2221
D 22 2613 2 23 24 25 5
L 27 2610 2220
T 28
D 26 2609 2 19 27 21 28
D 17 2611 2 18 22 26 5
L 31 2616 -2223
L 32 2618 -2224
L 33 2616 2223
D 30 2617 2 31 32 33 5
L 35 2620 -2225
L 36 2622 2226
L 37 2620 2225
D 34 2621 2 35 36 37 5
L 39 2618 2224
D 38 2617 2 31 39 33 28
D 29 2619 2 30 34 38 5
L 42 2614 2222
D 41 2613 2 23 42 25 28
D 40 2611 2 18 41 26 28
D 16 2615 2 17 29 40 5
L 44 2606 -376
D 43 2605 2 15 44 13 5
L 48 2622 -2226
D 47 2621 2 37 48 35 5
D 46 2619 2 30 47 38 5
D 45 2615 2 17 46 40 5
D 49 2605 2 13 44 15 14
D 11 2607 3 12 16 43 45 49 5
L 51 1942 -82
D 50 1941 2 10 51 8 5
D 55 2617 2 31 39 33 5
D 56 2621 2 35 48 37 5
D 57 2617 2 31 32 33 28
D 54 2619 2 55 56 57 5
D 53 2615 2 17 54 40 5
D 60 2617 2 33 32 31 5
D 61 2617 2 33 39 31 28
D 59 2619 2 60 56 61 5
D 58 2615 2 17 59 40 5
D 52 2607 3 12 53 43 58 49 5
D 62 1941 2 8 51 10 9
D 6 1943 3 7 11 50 52 62 5
L 64 1926 -362
D 63 1925 2 4 64 2 5
D 69 2613 2 23 42 25 5
D 68 2611 2 18 69 26 5
D 70 2619 2 30 56 38 5
D 72 2613 2 23 24 25 28
D 71 2611 2 18 72 26 28
D 67 2615 2 68 70 71 5
D 75 2613 2 25 24 23 5
D 74 2611 2 18 75 26 5
D 77 2613 2 25 42 23 28
D 76 2611 2 18 77 26 28
D 73 2615 2 74 70 76 5
D 66 2607 3 12 67 43 73 49 5
D 81 2609 2 19 27 21 5
D 82 2609 2 19 20 21 28
D 80 2611 2 81 22 82 5
D 83 2611 2 81 41 82 28
D 79 2615 2 80 70 83 5
D 86 2609 2 21 20 19 5
D 87 2609 2 21 27 19 28
D 85 2611 2 86 22 87 5
D 88 2611 2 86 41 87 28
D 84 2615 2 85 70 88 5
D 78 2607 3 12 79 43 84 49 5
D 65 1943 3 7 66 50 78 62 5
D 89 1925 2 2 64 4 3
D 0 1927 3 1 6 63 65 89 5
