c ids of sdd nodes start at 0
c sdd nodes appear bottom-up, children before parents
c
c file syntax:
c sdd count-of-sdd-nodes
c F id-of-false-sdd-node
c T id-of-true-sdd-node
c L id-of-literal-sdd-node id-of-vtree literal
c D id-of-decomposition-sdd-node id-of-vtree number-of-elements {id-of-prime id-of-sub}*
c
sdd 90
L 2 3324 -705
L 3 3326 706
L 4 3324 705
F 5
D 1 3325 2 2 3 4 5
L 8 3356 -203
L 9 3358 204
L 10 3356 203
D 7 3357 2 8 9 10 5
L 13 3540 -377
L 14 3542 378
L 15 3540 377
D 12 3541 2 13 14 15 5
L 19 3544 -2227
L 20 3546 -2228
L 21 3544 2227
D 18 3545 2 19 20 21 5
L 23 3548 -2229
L 24 3550 -2230
L 25 3548 2229
D 22 3549 2 23 24 25 5
L 27 3546 2228
T 28
D 26 3545 2 19 27 21 28
D 17 3547 2 18 22 26 5
L 31 3552 -2231
L 32 3554 -2232
L 33 3552 2231
D 30 3553 2 31 32 33 5
L 35 3556 -2233
L 36 3558 2234
L 37 3556 2233
D 34 3557 2 35 36 37 5
L 39 3554 2232
D 38 3553 2 31 39 33 28
D 29 3555 2 30 34 38 5
L 42 3550 2230
D 41 3549 2 23 42 25 28
D 40 3547 2 18 41 26 28
D 16 3551 2 17 29 40 5
L 44 3542 -378
D 43 3541 2 15 44 13 5
L 48 3558 -2234
D 47 3557 2 37 48 35 5
D 46 3555 2 30 47 38 5
D 45 3551 2 17 46 40 5
D 49 3541 2 13 44 15 14
D 11 3543 3 12 16 43 45 49 5
L 51 3358 -204
D 50 3357 2 10 51 8 5
D 55 3549 2 23 42 25 5
D 54 3547 2 18 55 26 5
D 57 3557 2 35 48 37 5
D 56 3555 2 30 57 38 5
D 59 3549 2 23 24 25 28
D 58 3547 2 18 59 26 28
D 53 3551 2 54 56 58 5
D 62 3549 2 25 24 23 5
D 61 3547 2 18 62 26 5
D 64 3549 2 25 42 23 28
D 63 3547 2 18 64 26 28
D 60 3551 2 61 56 63 5
D 52 3543 3 12 53 43 60 49 5
D 65 3357 2 8 51 10 9
D 6 3359 3 7 11 50 52 65 5
L 67 3326 -706
D 66 3325 2 4 67 2 5
D 72 3553 2 31 39 33 5
D 73 3553 2 31 32 33 28
D 71 3555 2 72 57 73 5
D 70 3551 2 17 71 40 5
D 76 3553 2 33 32 31 5
D 77 3553 2 33 39 31 28
D 75 3555 2 76 57 77 5
D 74 3551 2 17 75 40 5
D 69 3543 3 12 70 43 74 49 5
D 81 3545 2 19 27 21 5
D 82 3545 2 19 20 21 28
D 80 3547 2 81 22 82 5
D 83 3547 2 81 41 82 28
D 79 3551 2 80 56 83 5
D 86 3545 2 21 20 19 5
D 87 3545 2 21 27 19 28
D 85 3547 2 86 22 87 5
D 88 3547 2 86 41 87 28
D 84 3551 2 85 56 88 5
D 78 3543 3 12 79 43 84 49 5
D 68 3359 3 7 69 50 78 65 5
D 89 3325 2 2 67 4 3
D 0 3327 3 1 6 66 68 89 5
