c ids of sdd nodes start at 0
c sdd nodes appear bottom-up, children before parents
c
c file syntax:
c sdd count-of-sdd-nodes
c F id-of-false-sdd-node
c T id-of-true-sdd-node
c L id-of-literal-sdd-node id-of-vtree literal
c D id-of-decomposition-sdd-node id-of-vtree number-of-elements {id-of-prime id-of-sub}*
c
sdd 90
L 2 3344 -703
L 3 3346 704
L 4 3344 703
F 5
D 1 3345 2 2 3 4 5
L 8 3412 -379
L 9 3414 380
L 10 3412 379
D 7 3413 2 8 9 10 5
L 13 3540 -377
L 14 3542 378
L 15 3540 377
D 12 3541 2 13 14 15 5
L 19 3560 -2235
L 20 3562 -2236
L 21 3560 2235
D 18 3561 2 19 20 21 5
L 23 3564 -2237
L 24 3566 -2238
L 25 3564 2237
D 22 3565 2 23 24 25 5
L 27 3562 2236
T 28
D 26 3561 2 19 27 21 28
D 17 3563 2 18 22 26 5
L 31 3568 -2239
L 32 3570 -2240
L 33 3568 2239
D 30 3569 2 31 32 33 5
L 35 3572 -2241
L 36 3574 2242
L 37 3572 2241
D 34 3573 2 35 36 37 5
L 39 3570 2240
D 38 3569 2 31 39 33 28
D 29 3571 2 30 34 38 5
L 42 3566 2238
D 41 3565 2 23 42 25 28
D 40 3563 2 18 41 26 28
D 16 3567 2 17 29 40 5
L 44 3542 -378
D 43 3541 2 15 44 13 5
D 47 3565 2 23 42 25 5
D 46 3563 2 18 47 26 5
L 50 3574 -2242
D 49 3573 2 35 50 37 5
D 48 3571 2 30 49 38 5
D 52 3565 2 23 24 25 28
D 51 3563 2 18 52 26 28
D 45 3567 2 46 48 51 5
D 53 3541 2 13 44 15 14
D 11 3543 3 12 16 43 45 53 5
L 55 3414 -380
D 54 3413 2 10 55 8 5
D 59 3573 2 37 50 35 5
D 58 3571 2 30 59 38 5
D 57 3567 2 17 58 40 5
D 62 3565 2 25 24 23 5
D 61 3563 2 18 62 26 5
D 64 3565 2 25 42 23 28
D 63 3563 2 18 64 26 28
D 60 3567 2 61 48 63 5
D 56 3543 3 12 57 43 60 53 5
D 65 3413 2 8 55 10 9
D 6 3415 3 7 11 54 56 65 5
L 67 3346 -704
D 66 3345 2 4 67 2 5
D 72 3569 2 31 39 33 5
D 73 3569 2 31 32 33 28
D 71 3571 2 72 49 73 5
D 70 3567 2 17 71 40 5
D 76 3561 2 19 27 21 5
D 77 3561 2 19 20 21 28
D 75 3563 2 76 22 77 5
D 78 3563 2 76 41 77 28
D 74 3567 2 75 48 78 5
D 69 3543 3 12 70 43 74 53 5
D 82 3569 2 33 32 31 5
D 83 3569 2 33 39 31 28
D 81 3571 2 82 49 83 5
D 80 3567 2 17 81 40 5
D 86 3561 2 21 20 19 5
D 87 3561 2 21 27 19 28
D 85 3563 2 86 22 87 5
D 88 3563 2 86 41 87 28
D 84 3567 2 85 48 88 5
D 79 3543 3 12 80 43 84 53 5
D 68 3415 3 7 69 54 79 65 5
D 89 3345 2 2 67 4 3
D 0 3347 3 1 6 66 68 89 5
