c ids of sdd nodes start at 0
c sdd nodes appear bottom-up, children before parents
c
c file syntax:
c sdd count-of-sdd-nodes
c F id-of-false-sdd-node
c T id-of-true-sdd-node
c L id-of-literal-sdd-node id-of-vtree literal
c D id-of-decomposition-sdd-node id-of-vtree number-of-elements {id-of-prime id-of-sub}*
c
sdd 90
L 2 152 -441
L 3 154 442
L 4 152 441
F 5
D 1 153 2 2 3 4 5
L 8 536 -37
L 9 538 38
L 10 536 37
D 7 537 2 8 9 10 5
L 13 540 -31
L 14 542 32
L 15 540 31
D 12 541 2 13 14 15 5
L 19 560 -945
L 20 562 -946
L 21 560 945
D 18 561 2 19 20 21 5
L 23 564 -947
L 24 566 -948
L 25 564 947
D 22 565 2 23 24 25 5
L 27 562 946
T 28
D 26 561 2 19 27 21 28
D 17 563 2 18 22 26 5
L 31 568 -949
L 32 570 -950
L 33 568 949
D 30 569 2 31 32 33 5
L 35 572 -951
L 36 574 952
L 37 572 951
D 34 573 2 35 36 37 5
L 39 570 950
D 38 569 2 31 39 33 28
D 29 571 2 30 34 38 5
L 42 566 948
D 41 565 2 23 42 25 28
D 40 563 2 18 41 26 28
D 16 567 2 17 29 40 5
L 44 542 -32
D 43 541 2 15 44 13 5
D 47 565 2 23 42 25 5
D 46 563 2 18 47 26 5
L 50 574 -952
D 49 573 2 35 50 37 5
D 48 571 2 30 49 38 5
D 52 565 2 23 24 25 28
D 51 563 2 18 52 26 28
D 45 567 2 46 48 51 5
D 53 541 2 13 44 15 14
D 11 543 3 12 16 43 45 53 5
L 55 538 -38
D 54 537 2 10 55 8 5
D 59 573 2 37 50 35 5
D 58 571 2 30 59 38 5
D 57 567 2 17 58 40 5
D 62 565 2 25 24 23 5
D 61 563 2 18 62 26 5
D 64 565 2 25 42 23 28
D 63 563 2 18 64 26 28
D 60 567 2 61 48 63 5
D 56 543 3 12 57 43 60 53 5
D 65 537 2 8 55 10 9
D 6 539 3 7 11 54 56 65 5
L 67 154 -442
D 66 153 2 4 67 2 5
D 72 569 2 31 39 33 5
D 73 569 2 31 32 33 28
D 71 571 2 72 49 73 5
D 70 567 2 17 71 40 5
D 76 561 2 19 27 21 5
D 77 561 2 19 20 21 28
D 75 563 2 76 22 77 5
D 78 563 2 76 41 77 28
D 74 567 2 75 48 78 5
D 69 543 3 12 70 43 74 53 5
D 82 569 2 33 32 31 5
D 83 569 2 33 39 31 28
D 81 571 2 82 49 83 5
D 80 567 2 17 81 40 5
D 86 561 2 21 20 19 5
D 87 561 2 21 27 19 28
D 85 563 2 86 22 87 5
D 88 563 2 86 41 87 28
D 84 567 2 85 48 88 5
D 79 543 3 12 80 43 84 53 5
D 68 539 3 7 69 54 79 65 5
D 89 153 2 2 67 4 3
D 0 155 3 1 6 66 68 89 5
