c ids of sdd nodes start at 0
c sdd nodes appear bottom-up, children before parents
c
c file syntax:
c sdd count-of-sdd-nodes
c F id-of-false-sdd-node
c T id-of-true-sdd-node
c L id-of-literal-sdd-node id-of-vtree literal
c D id-of-decomposition-sdd-node id-of-vtree number-of-elements {id-of-prime id-of-sub}*
c
sdd 90
L 2 2624 -731
L 3 2626 732
L 4 2624 731
F 5
D 1 2625 2 2 3 4 5
L 8 2964 -383
L 9 2966 384
L 10 2964 383
D 7 2965 2 8 9 10 5
L 13 2984 -381
L 14 2986 382
L 15 2984 381
D 12 2985 2 13 14 15 5
L 19 2988 -2243
L 20 2990 -2244
L 21 2988 2243
D 18 2989 2 19 20 21 5
L 23 2992 -2245
L 24 2994 -2246
L 25 2992 2245
D 22 2993 2 23 24 25 5
L 27 2990 2244
T 28
D 26 2989 2 19 27 21 28
D 17 2991 2 18 22 26 5
L 31 2996 -2247
L 32 2998 -2248
L 33 2996 2247
D 30 2997 2 31 32 33 5
L 35 3000 -2249
L 36 3002 2250
L 37 3000 2249
D 34 3001 2 35 36 37 5
L 39 2998 2248
D 38 2997 2 31 39 33 28
D 29 2999 2 30 34 38 5
L 42 2994 2246
D 41 2993 2 23 42 25 28
D 40 2991 2 18 41 26 28
D 16 2995 2 17 29 40 5
L 44 2986 -382
D 43 2985 2 15 44 13 5
L 48 3002 -2250
D 47 3001 2 37 48 35 5
D 46 2999 2 30 47 38 5
D 45 2995 2 17 46 40 5
D 49 2985 2 13 44 15 14
D 11 2987 3 12 16 43 45 49 5
L 51 2966 -384
D 50 2965 2 10 51 8 5
D 55 2993 2 23 42 25 5
D 54 2991 2 18 55 26 5
D 57 3001 2 35 48 37 5
D 56 2999 2 30 57 38 5
D 59 2993 2 23 24 25 28
D 58 2991 2 18 59 26 28
D 53 2995 2 54 56 58 5
D 62 2993 2 25 24 23 5
D 61 2991 2 18 62 26 5
D 64 2993 2 25 42 23 28
D 63 2991 2 18 64 26 28
D 60 2995 2 61 56 63 5
D 52 2987 3 12 53 43 60 49 5
D 65 2965 2 8 51 10 9
D 6 2967 3 7 11 50 52 65 5
L 67 2626 -732
D 66 2625 2 4 67 2 5
D 72 2997 2 31 39 33 5
D 73 2997 2 31 32 33 28
D 71 2999 2 72 57 73 5
D 70 2995 2 17 71 40 5
D 76 2997 2 33 32 31 5
D 77 2997 2 33 39 31 28
D 75 2999 2 76 57 77 5
D 74 2995 2 17 75 40 5
D 69 2987 3 12 70 43 74 49 5
D 81 2989 2 19 27 21 5
D 82 2989 2 19 20 21 28
D 80 2991 2 81 22 82 5
D 83 2991 2 81 41 82 28
D 79 2995 2 80 56 83 5
D 86 2989 2 21 20 19 5
D 87 2989 2 21 27 19 28
D 85 2991 2 86 22 87 5
D 88 2991 2 86 41 87 28
D 84 2995 2 85 56 88 5
D 78 2987 3 12 79 43 84 49 5
D 68 2967 3 7 69 50 78 65 5
D 89 2625 2 2 67 4 3
D 0 2627 3 1 6 66 68 89 5
