c ids of sdd nodes start at 0
c sdd nodes appear bottom-up, children before parents
c
c file syntax:
c sdd count-of-sdd-nodes
c F id-of-false-sdd-node
c T id-of-true-sdd-node
c L id-of-literal-sdd-node id-of-vtree literal
c D id-of-decomposition-sdd-node id-of-vtree number-of-elements {id-of-prime id-of-sub}*
c
sdd 90
L 2 2728 -349
L 3 2730 350
L 4 2728 349
F 5
D 1 2729 2 2 3 4 5
L 8 2748 -385
L 9 2750 386
L 10 2748 385
D 7 2749 2 8 9 10 5
L 13 2752 -743
L 14 2754 744
L 15 2752 743
D 12 2753 2 13 14 15 5
L 19 2756 -2259
L 20 2758 -2260
L 21 2756 2259
D 18 2757 2 19 20 21 5
L 23 2760 -2261
L 24 2762 -2262
L 25 2760 2261
D 22 2761 2 23 24 25 5
L 27 2758 2260
T 28
D 26 2757 2 19 27 21 28
D 17 2759 2 18 22 26 5
L 31 2764 -2263
L 32 2766 -2264
L 33 2764 2263
D 30 2765 2 31 32 33 5
L 35 2768 -2265
L 36 2770 2266
L 37 2768 2265
D 34 2769 2 35 36 37 5
L 39 2766 2264
D 38 2765 2 31 39 33 28
D 29 2767 2 30 34 38 5
L 42 2762 2262
D 41 2761 2 23 42 25 28
D 40 2759 2 18 41 26 28
D 16 2763 2 17 29 40 5
L 44 2754 -744
D 43 2753 2 15 44 13 5
D 47 2765 2 31 39 33 5
L 49 2770 -2266
D 48 2769 2 35 49 37 5
D 50 2765 2 31 32 33 28
D 46 2767 2 47 48 50 5
D 45 2763 2 17 46 40 5
D 51 2753 2 13 44 15 14
D 11 2755 3 12 16 43 45 51 5
L 53 2750 -386
D 52 2749 2 10 53 8 5
D 57 2769 2 37 49 35 5
D 56 2767 2 30 57 38 5
D 55 2763 2 17 56 40 5
D 60 2765 2 33 32 31 5
D 61 2765 2 33 39 31 28
D 59 2767 2 60 48 61 5
D 58 2763 2 17 59 40 5
D 54 2755 3 12 55 43 58 51 5
D 62 2749 2 8 53 10 9
D 6 2751 3 7 11 52 54 62 5
L 64 2730 -350
D 63 2729 2 4 64 2 5
D 69 2761 2 23 42 25 5
D 68 2759 2 18 69 26 5
D 70 2767 2 30 48 38 5
D 72 2761 2 23 24 25 28
D 71 2759 2 18 72 26 28
D 67 2763 2 68 70 71 5
D 75 2757 2 19 27 21 5
D 76 2757 2 19 20 21 28
D 74 2759 2 75 22 76 5
D 77 2759 2 75 41 76 28
D 73 2763 2 74 70 77 5
D 66 2755 3 12 67 43 73 51 5
D 81 2761 2 25 24 23 5
D 80 2759 2 18 81 26 5
D 83 2761 2 25 42 23 28
D 82 2759 2 18 83 26 28
D 79 2763 2 80 70 82 5
D 86 2757 2 21 20 19 5
D 87 2757 2 21 27 19 28
D 85 2759 2 86 22 87 5
D 88 2759 2 86 41 87 28
D 84 2763 2 85 70 88 5
D 78 2755 3 12 79 43 84 51 5
D 65 2751 3 7 66 52 78 62 5
D 89 2729 2 2 64 4 3
D 0 2731 3 1 6 63 65 89 5
