c ids of sdd nodes start at 0
c sdd nodes appear bottom-up, children before parents
c
c file syntax:
c sdd count-of-sdd-nodes
c F id-of-false-sdd-node
c T id-of-true-sdd-node
c L id-of-literal-sdd-node id-of-vtree literal
c D id-of-decomposition-sdd-node id-of-vtree number-of-elements {id-of-prime id-of-sub}*
c
sdd 90
L 2 5452 -691
L 3 5454 692
L 4 5452 691
F 5
D 1 5453 2 2 3 4 5
L 8 5456 -389
L 9 5458 390
L 10 5456 389
D 7 5457 2 8 9 10 5
L 13 5464 -391
L 14 5466 392
L 15 5464 391
D 12 5465 2 13 14 15 5
L 19 5484 -2279
L 20 5486 -2280
L 21 5484 2279
D 18 5485 2 19 20 21 5
L 23 5488 -2281
L 24 5490 -2282
L 25 5488 2281
D 22 5489 2 23 24 25 5
L 27 5486 2280
T 28
D 26 5485 2 19 27 21 28
D 17 5487 2 18 22 26 5
L 31 5492 -2283
L 32 5494 -2284
L 33 5492 2283
D 30 5493 2 31 32 33 5
L 35 5496 -2285
L 36 5498 2286
L 37 5496 2285
D 34 5497 2 35 36 37 5
L 39 5494 2284
D 38 5493 2 31 39 33 28
D 29 5495 2 30 34 38 5
L 42 5490 2282
D 41 5489 2 23 42 25 28
D 40 5487 2 18 41 26 28
D 16 5491 2 17 29 40 5
L 44 5466 -392
D 43 5465 2 15 44 13 5
L 48 5498 -2286
D 47 5497 2 37 48 35 5
D 46 5495 2 30 47 38 5
D 45 5491 2 17 46 40 5
D 49 5465 2 13 44 15 14
D 11 5467 3 12 16 43 45 49 5
L 51 5458 -390
D 50 5457 2 10 51 8 5
D 55 5489 2 23 42 25 5
D 54 5487 2 18 55 26 5
D 57 5497 2 35 48 37 5
D 56 5495 2 30 57 38 5
D 59 5489 2 23 24 25 28
D 58 5487 2 18 59 26 28
D 53 5491 2 54 56 58 5
D 62 5489 2 25 24 23 5
D 61 5487 2 18 62 26 5
D 64 5489 2 25 42 23 28
D 63 5487 2 18 64 26 28
D 60 5491 2 61 56 63 5
D 52 5467 3 12 53 43 60 49 5
D 65 5457 2 8 51 10 9
D 6 5459 3 7 11 50 52 65 5
L 67 5454 -692
D 66 5453 2 4 67 2 5
D 72 5493 2 31 39 33 5
D 73 5493 2 31 32 33 28
D 71 5495 2 72 57 73 5
D 70 5491 2 17 71 40 5
D 76 5493 2 33 32 31 5
D 77 5493 2 33 39 31 28
D 75 5495 2 76 57 77 5
D 74 5491 2 17 75 40 5
D 69 5467 3 12 70 43 74 49 5
D 81 5485 2 19 27 21 5
D 82 5485 2 19 20 21 28
D 80 5487 2 81 22 82 5
D 83 5487 2 81 41 82 28
D 79 5491 2 80 56 83 5
D 86 5485 2 21 20 19 5
D 87 5485 2 21 27 19 28
D 85 5487 2 86 22 87 5
D 88 5487 2 86 41 87 28
D 84 5491 2 85 56 88 5
D 78 5467 3 12 79 43 84 49 5
D 68 5459 3 7 69 50 78 65 5
D 89 5453 2 2 67 4 3
D 0 5455 3 1 6 66 68 89 5
