c ids of sdd nodes start at 0
c sdd nodes appear bottom-up, children before parents
c
c file syntax:
c sdd count-of-sdd-nodes
c F id-of-false-sdd-node
c T id-of-true-sdd-node
c L id-of-literal-sdd-node id-of-vtree literal
c D id-of-decomposition-sdd-node id-of-vtree number-of-elements {id-of-prime id-of-sub}*
c
sdd 90
L 2 1688 -735
L 3 1690 736
L 4 1688 735
F 5
D 1 1689 2 2 3 4 5
L 8 1800 -395
L 9 1802 396
L 10 1800 395
D 7 1801 2 8 9 10 5
L 13 1872 -393
L 14 1874 394
L 15 1872 393
D 12 1873 2 13 14 15 5
L 19 1908 -2287
L 20 1910 -2288
L 21 1908 2287
D 18 1909 2 19 20 21 5
L 23 1912 -2289
L 24 1914 -2290
L 25 1912 2289
D 22 1913 2 23 24 25 5
L 27 1910 2288
T 28
D 26 1909 2 19 27 21 28
D 17 1911 2 18 22 26 5
L 31 1916 -2291
L 32 1918 -2292
L 33 1916 2291
D 30 1917 2 31 32 33 5
L 35 1920 -2293
L 36 1922 2294
L 37 1920 2293
D 34 1921 2 35 36 37 5
L 39 1918 2292
D 38 1917 2 31 39 33 28
D 29 1919 2 30 34 38 5
L 42 1914 2290
D 41 1913 2 23 42 25 28
D 40 1911 2 18 41 26 28
D 16 1915 2 17 29 40 5
L 44 1874 -394
D 43 1873 2 15 44 13 5
L 48 1922 -2294
D 47 1921 2 37 48 35 5
D 46 1919 2 30 47 38 5
D 45 1915 2 17 46 40 5
D 49 1873 2 13 44 15 14
D 11 1875 3 12 16 43 45 49 5
L 51 1802 -396
D 50 1801 2 10 51 8 5
D 55 1913 2 23 42 25 5
D 54 1911 2 18 55 26 5
D 57 1921 2 35 48 37 5
D 56 1919 2 30 57 38 5
D 59 1913 2 23 24 25 28
D 58 1911 2 18 59 26 28
D 53 1915 2 54 56 58 5
D 62 1913 2 25 24 23 5
D 61 1911 2 18 62 26 5
D 64 1913 2 25 42 23 28
D 63 1911 2 18 64 26 28
D 60 1915 2 61 56 63 5
D 52 1875 3 12 53 43 60 49 5
D 65 1801 2 8 51 10 9
D 6 1803 3 7 11 50 52 65 5
L 67 1690 -736
D 66 1689 2 4 67 2 5
D 72 1917 2 31 39 33 5
D 73 1917 2 31 32 33 28
D 71 1919 2 72 57 73 5
D 70 1915 2 17 71 40 5
D 76 1917 2 33 32 31 5
D 77 1917 2 33 39 31 28
D 75 1919 2 76 57 77 5
D 74 1915 2 17 75 40 5
D 69 1875 3 12 70 43 74 49 5
D 81 1909 2 19 27 21 5
D 82 1909 2 19 20 21 28
D 80 1911 2 81 22 82 5
D 83 1911 2 81 41 82 28
D 79 1915 2 80 56 83 5
D 86 1909 2 21 20 19 5
D 87 1909 2 21 27 19 28
D 85 1911 2 86 22 87 5
D 88 1911 2 86 41 87 28
D 84 1915 2 85 56 88 5
D 78 1875 3 12 79 43 84 49 5
D 68 1803 3 7 69 50 78 65 5
D 89 1689 2 2 67 4 3
D 0 1691 3 1 6 66 68 89 5
