c ids of sdd nodes start at 0
c sdd nodes appear bottom-up, children before parents
c
c file syntax:
c sdd count-of-sdd-nodes
c F id-of-false-sdd-node
c T id-of-true-sdd-node
c L id-of-literal-sdd-node id-of-vtree literal
c D id-of-decomposition-sdd-node id-of-vtree number-of-elements {id-of-prime id-of-sub}*
c
sdd 90
L 2 16 -739
L 3 18 740
L 4 16 739
F 5
D 1 17 2 2 3 4 5
L 8 52 -399
L 9 54 400
L 10 52 399
D 7 53 2 8 9 10 5
L 13 1820 -397
L 14 1822 398
L 15 1820 397
D 12 1821 2 13 14 15 5
L 19 1856 -2303
L 20 1858 -2304
L 21 1856 2303
D 18 1857 2 19 20 21 5
L 23 1860 -2305
L 24 1862 -2306
L 25 1860 2305
D 22 1861 2 23 24 25 5
L 27 1858 2304
T 28
D 26 1857 2 19 27 21 28
D 17 1859 2 18 22 26 5
L 31 1864 -2307
L 32 1866 -2308
L 33 1864 2307
D 30 1865 2 31 32 33 5
L 35 1868 -2309
L 36 1870 2310
L 37 1868 2309
D 34 1869 2 35 36 37 5
L 39 1866 2308
D 38 1865 2 31 39 33 28
D 29 1867 2 30 34 38 5
L 42 1862 2306
D 41 1861 2 23 42 25 28
D 40 1859 2 18 41 26 28
D 16 1863 2 17 29 40 5
L 44 1822 -398
D 43 1821 2 15 44 13 5
L 48 1870 -2310
D 47 1869 2 37 48 35 5
D 46 1867 2 30 47 38 5
D 45 1863 2 17 46 40 5
D 49 1821 2 13 44 15 14
D 11 1823 3 12 16 43 45 49 5
L 51 54 -400
D 50 53 2 10 51 8 5
D 55 1861 2 23 42 25 5
D 54 1859 2 18 55 26 5
D 57 1869 2 35 48 37 5
D 56 1867 2 30 57 38 5
D 59 1861 2 23 24 25 28
D 58 1859 2 18 59 26 28
D 53 1863 2 54 56 58 5
D 62 1861 2 25 24 23 5
D 61 1859 2 18 62 26 5
D 64 1861 2 25 42 23 28
D 63 1859 2 18 64 26 28
D 60 1863 2 61 56 63 5
D 52 1823 3 12 53 43 60 49 5
D 65 53 2 8 51 10 9
D 6 55 3 7 11 50 52 65 5
L 67 18 -740
D 66 17 2 4 67 2 5
D 72 1865 2 31 39 33 5
D 73 1865 2 31 32 33 28
D 71 1867 2 72 57 73 5
D 70 1863 2 17 71 40 5
D 76 1865 2 33 32 31 5
D 77 1865 2 33 39 31 28
D 75 1867 2 76 57 77 5
D 74 1863 2 17 75 40 5
D 69 1823 3 12 70 43 74 49 5
D 81 1857 2 19 27 21 5
D 82 1857 2 19 20 21 28
D 80 1859 2 81 22 82 5
D 83 1859 2 81 41 82 28
D 79 1863 2 80 56 83 5
D 86 1857 2 21 20 19 5
D 87 1857 2 21 27 19 28
D 85 1859 2 86 22 87 5
D 88 1859 2 86 41 87 28
D 84 1863 2 85 56 88 5
D 78 1823 3 12 79 43 84 49 5
D 68 55 3 7 69 50 78 65 5
D 89 17 2 2 67 4 3
D 0 19 3 1 6 66 68 89 5
