c ids of sdd nodes start at 0
c sdd nodes appear bottom-up, children before parents
c
c file syntax:
c sdd count-of-sdd-nodes
c F id-of-false-sdd-node
c T id-of-true-sdd-node
c L id-of-literal-sdd-node id-of-vtree literal
c D id-of-decomposition-sdd-node id-of-vtree number-of-elements {id-of-prime id-of-sub}*
c
sdd 90
L 2 52 -399
L 3 54 400
L 4 52 399
F 5
D 1 53 2 2 3 4 5
L 8 3392 -737
L 9 3394 738
L 10 3392 737
D 7 3393 2 8 9 10 5
L 13 3488 -671
L 14 3490 672
L 15 3488 671
D 12 3489 2 13 14 15 5
L 19 3492 -2311
L 20 3494 -2312
L 21 3492 2311
D 18 3493 2 19 20 21 5
L 23 3496 -2313
L 24 3498 -2314
L 25 3496 2313
D 22 3497 2 23 24 25 5
L 27 3494 2312
T 28
D 26 3493 2 19 27 21 28
D 17 3495 2 18 22 26 5
L 31 3500 -2315
L 32 3502 -2316
L 33 3500 2315
D 30 3501 2 31 32 33 5
L 35 3504 -2317
L 36 3506 2318
L 37 3504 2317
D 34 3505 2 35 36 37 5
L 39 3502 2316
D 38 3501 2 31 39 33 28
D 29 3503 2 30 34 38 5
L 42 3498 2314
D 41 3497 2 23 42 25 28
D 40 3495 2 18 41 26 28
D 16 3499 2 17 29 40 5
L 44 3490 -672
D 43 3489 2 15 44 13 5
D 47 3497 2 23 42 25 5
D 46 3495 2 18 47 26 5
L 50 3506 -2318
D 49 3505 2 35 50 37 5
D 48 3503 2 30 49 38 5
D 52 3497 2 23 24 25 28
D 51 3495 2 18 52 26 28
D 45 3499 2 46 48 51 5
D 53 3489 2 13 44 15 14
D 11 3491 3 12 16 43 45 53 5
L 55 3394 -738
D 54 3393 2 10 55 8 5
D 59 3501 2 31 39 33 5
D 60 3501 2 31 32 33 28
D 58 3503 2 59 49 60 5
D 57 3499 2 17 58 40 5
D 63 3493 2 19 27 21 5
D 64 3493 2 19 20 21 28
D 62 3495 2 63 22 64 5
D 65 3495 2 63 41 64 28
D 61 3499 2 62 48 65 5
D 56 3491 3 12 57 43 61 53 5
D 66 3393 2 8 55 10 9
D 6 3395 3 7 11 54 56 66 5
L 68 54 -400
D 67 53 2 4 68 2 5
D 73 3505 2 37 50 35 5
D 72 3503 2 30 73 38 5
D 71 3499 2 17 72 40 5
D 76 3497 2 25 24 23 5
D 75 3495 2 18 76 26 5
D 78 3497 2 25 42 23 28
D 77 3495 2 18 78 26 28
D 74 3499 2 75 48 77 5
D 70 3491 3 12 71 43 74 53 5
D 82 3501 2 33 32 31 5
D 83 3501 2 33 39 31 28
D 81 3503 2 82 49 83 5
D 80 3499 2 17 81 40 5
D 86 3493 2 21 20 19 5
D 87 3493 2 21 27 19 28
D 85 3495 2 86 22 87 5
D 88 3495 2 86 41 87 28
D 84 3499 2 85 48 88 5
D 79 3491 3 12 80 43 84 53 5
D 69 3395 3 7 70 54 79 66 5
D 89 53 2 2 68 4 3
D 0 55 3 1 6 67 69 89 5
