c ids of sdd nodes start at 0
c sdd nodes appear bottom-up, children before parents
c
c file syntax:
c sdd count-of-sdd-nodes
c F id-of-false-sdd-node
c T id-of-true-sdd-node
c L id-of-literal-sdd-node id-of-vtree literal
c D id-of-decomposition-sdd-node id-of-vtree number-of-elements {id-of-prime id-of-sub}*
c
sdd 90
L 2 536 -37
L 3 538 38
L 4 536 37
F 5
D 1 537 2 2 3 4 5
L 8 628 -39
L 9 630 40
L 10 628 39
D 7 629 2 8 9 10 5
L 13 648 -439
L 14 650 440
L 15 648 439
D 12 649 2 13 14 15 5
L 19 652 -953
L 20 654 -954
L 21 652 953
D 18 653 2 19 20 21 5
L 23 656 -955
L 24 658 -956
L 25 656 955
D 22 657 2 23 24 25 5
L 27 654 954
T 28
D 26 653 2 19 27 21 28
D 17 655 2 18 22 26 5
L 31 660 -957
L 32 662 -958
L 33 660 957
D 30 661 2 31 32 33 5
L 35 664 -959
L 36 666 960
L 37 664 959
D 34 665 2 35 36 37 5
L 39 662 958
D 38 661 2 31 39 33 28
D 29 663 2 30 34 38 5
L 42 658 956
D 41 657 2 23 42 25 28
D 40 655 2 18 41 26 28
D 16 659 2 17 29 40 5
L 44 650 -440
D 43 649 2 15 44 13 5
D 47 661 2 31 39 33 5
L 49 666 -960
D 48 665 2 35 49 37 5
D 50 661 2 31 32 33 28
D 46 663 2 47 48 50 5
D 45 659 2 17 46 40 5
D 51 649 2 13 44 15 14
D 11 651 3 12 16 43 45 51 5
L 53 630 -40
D 52 629 2 10 53 8 5
D 57 665 2 37 49 35 5
D 56 663 2 30 57 38 5
D 55 659 2 17 56 40 5
D 60 661 2 33 32 31 5
D 61 661 2 33 39 31 28
D 59 663 2 60 48 61 5
D 58 659 2 17 59 40 5
D 54 651 3 12 55 43 58 51 5
D 62 629 2 8 53 10 9
D 6 631 3 7 11 52 54 62 5
L 64 538 -38
D 63 537 2 4 64 2 5
D 69 657 2 23 42 25 5
D 68 655 2 18 69 26 5
D 70 663 2 30 48 38 5
D 72 657 2 23 24 25 28
D 71 655 2 18 72 26 28
D 67 659 2 68 70 71 5
D 75 653 2 19 27 21 5
D 76 653 2 19 20 21 28
D 74 655 2 75 22 76 5
D 77 655 2 75 41 76 28
D 73 659 2 74 70 77 5
D 66 651 3 12 67 43 73 51 5
D 81 657 2 25 24 23 5
D 80 655 2 18 81 26 5
D 83 657 2 25 42 23 28
D 82 655 2 18 83 26 28
D 79 659 2 80 70 82 5
D 86 653 2 21 20 19 5
D 87 653 2 21 27 19 28
D 85 655 2 86 22 87 5
D 88 655 2 86 41 87 28
D 84 659 2 85 70 88 5
D 78 651 3 12 79 43 84 51 5
D 65 631 3 7 66 52 78 62 5
D 89 537 2 2 64 4 3
D 0 539 3 1 6 63 65 89 5
