c ids of sdd nodes start at 0
c sdd nodes appear bottom-up, children before parents
c
c file syntax:
c sdd count-of-sdd-nodes
c F id-of-false-sdd-node
c T id-of-true-sdd-node
c L id-of-literal-sdd-node id-of-vtree literal
c D id-of-decomposition-sdd-node id-of-vtree number-of-elements {id-of-prime id-of-sub}*
c
sdd 90
L 2 184 -403
L 3 186 404
L 4 184 403
F 5
D 1 185 2 2 3 4 5
L 8 204 -613
L 9 206 614
L 10 204 613
D 7 205 2 8 9 10 5
L 13 212 -401
L 14 214 402
L 15 212 401
D 12 213 2 13 14 15 5
L 19 216 -2319
L 20 218 -2320
L 21 216 2319
D 18 217 2 19 20 21 5
L 23 220 -2321
L 24 222 -2322
L 25 220 2321
D 22 221 2 23 24 25 5
L 27 218 2320
T 28
D 26 217 2 19 27 21 28
D 17 219 2 18 22 26 5
L 31 224 -2323
L 32 226 -2324
L 33 224 2323
D 30 225 2 31 32 33 5
L 35 228 -2325
L 36 230 2326
L 37 228 2325
D 34 229 2 35 36 37 5
L 39 226 2324
D 38 225 2 31 39 33 28
D 29 227 2 30 34 38 5
L 42 222 2322
D 41 221 2 23 42 25 28
D 40 219 2 18 41 26 28
D 16 223 2 17 29 40 5
L 44 214 -402
D 43 213 2 15 44 13 5
L 48 230 -2326
D 47 229 2 37 48 35 5
D 46 227 2 30 47 38 5
D 45 223 2 17 46 40 5
D 49 213 2 13 44 15 14
D 11 215 3 12 16 43 45 49 5
L 51 206 -614
D 50 205 2 10 51 8 5
D 55 225 2 31 39 33 5
D 56 229 2 35 48 37 5
D 57 225 2 31 32 33 28
D 54 227 2 55 56 57 5
D 53 223 2 17 54 40 5
D 60 225 2 33 32 31 5
D 61 225 2 33 39 31 28
D 59 227 2 60 56 61 5
D 58 223 2 17 59 40 5
D 52 215 3 12 53 43 58 49 5
D 62 205 2 8 51 10 9
D 6 207 3 7 11 50 52 62 5
L 64 186 -404
D 63 185 2 4 64 2 5
D 69 221 2 23 42 25 5
D 68 219 2 18 69 26 5
D 70 227 2 30 56 38 5
D 72 221 2 23 24 25 28
D 71 219 2 18 72 26 28
D 67 223 2 68 70 71 5
D 75 221 2 25 24 23 5
D 74 219 2 18 75 26 5
D 77 221 2 25 42 23 28
D 76 219 2 18 77 26 28
D 73 223 2 74 70 76 5
D 66 215 3 12 67 43 73 49 5
D 81 217 2 19 27 21 5
D 82 217 2 19 20 21 28
D 80 219 2 81 22 82 5
D 83 219 2 81 41 82 28
D 79 223 2 80 70 83 5
D 86 217 2 21 20 19 5
D 87 217 2 21 27 19 28
D 85 219 2 86 22 87 5
D 88 219 2 86 41 87 28
D 84 223 2 85 70 88 5
D 78 215 3 12 79 43 84 49 5
D 65 207 3 7 66 50 78 62 5
D 89 185 2 2 64 4 3
D 0 187 3 1 6 63 65 89 5
