c ids of sdd nodes start at 0
c sdd nodes appear bottom-up, children before parents
c
c file syntax:
c sdd count-of-sdd-nodes
c F id-of-false-sdd-node
c T id-of-true-sdd-node
c L id-of-literal-sdd-node id-of-vtree literal
c D id-of-decomposition-sdd-node id-of-vtree number-of-elements {id-of-prime id-of-sub}*
c
sdd 90
L 2 148 -405
L 3 150 406
L 4 148 405
F 5
D 1 149 2 2 3 4 5
L 8 184 -403
L 9 186 404
L 10 184 403
D 7 185 2 8 9 10 5
L 13 304 -611
L 14 306 612
L 15 304 611
D 12 305 2 13 14 15 5
L 19 308 -2327
L 20 310 -2328
L 21 308 2327
D 18 309 2 19 20 21 5
L 23 312 -2329
L 24 314 -2330
L 25 312 2329
D 22 313 2 23 24 25 5
L 27 310 2328
T 28
D 26 309 2 19 27 21 28
D 17 311 2 18 22 26 5
L 31 316 -2331
L 32 318 -2332
L 33 316 2331
D 30 317 2 31 32 33 5
L 35 320 -2333
L 36 322 2334
L 37 320 2333
D 34 321 2 35 36 37 5
L 39 318 2332
D 38 317 2 31 39 33 28
D 29 319 2 30 34 38 5
L 42 314 2330
D 41 313 2 23 42 25 28
D 40 311 2 18 41 26 28
D 16 315 2 17 29 40 5
L 44 306 -612
D 43 305 2 15 44 13 5
D 47 317 2 31 39 33 5
L 49 322 -2334
D 48 321 2 35 49 37 5
D 50 317 2 31 32 33 28
D 46 319 2 47 48 50 5
D 45 315 2 17 46 40 5
D 51 305 2 13 44 15 14
D 11 307 3 12 16 43 45 51 5
L 53 186 -404
D 52 185 2 10 53 8 5
D 57 321 2 37 49 35 5
D 56 319 2 30 57 38 5
D 55 315 2 17 56 40 5
D 60 317 2 33 32 31 5
D 61 317 2 33 39 31 28
D 59 319 2 60 48 61 5
D 58 315 2 17 59 40 5
D 54 307 3 12 55 43 58 51 5
D 62 185 2 8 53 10 9
D 6 187 3 7 11 52 54 62 5
L 64 150 -406
D 63 149 2 4 64 2 5
D 69 313 2 23 42 25 5
D 68 311 2 18 69 26 5
D 70 319 2 30 48 38 5
D 72 313 2 23 24 25 28
D 71 311 2 18 72 26 28
D 67 315 2 68 70 71 5
D 75 309 2 19 27 21 5
D 76 309 2 19 20 21 28
D 74 311 2 75 22 76 5
D 77 311 2 75 41 76 28
D 73 315 2 74 70 77 5
D 66 307 3 12 67 43 73 51 5
D 81 313 2 25 24 23 5
D 80 311 2 18 81 26 5
D 83 313 2 25 42 23 28
D 82 311 2 18 83 26 28
D 79 315 2 80 70 82 5
D 86 309 2 21 20 19 5
D 87 309 2 21 27 19 28
D 85 311 2 86 22 87 5
D 88 311 2 86 41 87 28
D 84 315 2 85 70 88 5
D 78 307 3 12 79 43 84 51 5
D 65 187 3 7 66 52 78 62 5
D 89 149 2 2 64 4 3
D 0 151 3 1 6 63 65 89 5
