c ids of sdd nodes start at 0
c sdd nodes appear bottom-up, children before parents
c
c file syntax:
c sdd count-of-sdd-nodes
c F id-of-false-sdd-node
c T id-of-true-sdd-node
c L id-of-literal-sdd-node id-of-vtree literal
c D id-of-decomposition-sdd-node id-of-vtree number-of-elements {id-of-prime id-of-sub}*
c
sdd 90
L 2 132 -617
L 3 134 618
L 4 132 617
F 5
D 1 133 2 2 3 4 5
L 8 148 -405
L 9 150 406
L 10 148 405
D 7 149 2 8 9 10 5
L 13 1240 -407
L 14 1242 408
L 15 1240 407
D 12 1241 2 13 14 15 5
L 19 1244 -2335
L 20 1246 -2336
L 21 1244 2335
D 18 1245 2 19 20 21 5
L 23 1248 -2337
L 24 1250 -2338
L 25 1248 2337
D 22 1249 2 23 24 25 5
L 27 1246 2336
T 28
D 26 1245 2 19 27 21 28
D 17 1247 2 18 22 26 5
L 31 1252 -2339
L 32 1254 -2340
L 33 1252 2339
D 30 1253 2 31 32 33 5
L 35 1256 -2341
L 36 1258 2342
L 37 1256 2341
D 34 1257 2 35 36 37 5
L 39 1254 2340
D 38 1253 2 31 39 33 28
D 29 1255 2 30 34 38 5
L 42 1250 2338
D 41 1249 2 23 42 25 28
D 40 1247 2 18 41 26 28
D 16 1251 2 17 29 40 5
L 44 1242 -408
D 43 1241 2 15 44 13 5
D 47 1249 2 23 42 25 5
D 46 1247 2 18 47 26 5
L 50 1258 -2342
D 49 1257 2 35 50 37 5
D 48 1255 2 30 49 38 5
D 52 1249 2 23 24 25 28
D 51 1247 2 18 52 26 28
D 45 1251 2 46 48 51 5
D 53 1241 2 13 44 15 14
D 11 1243 3 12 16 43 45 53 5
L 55 150 -406
D 54 149 2 10 55 8 5
D 59 1257 2 37 50 35 5
D 58 1255 2 30 59 38 5
D 57 1251 2 17 58 40 5
D 62 1249 2 25 24 23 5
D 61 1247 2 18 62 26 5
D 64 1249 2 25 42 23 28
D 63 1247 2 18 64 26 28
D 60 1251 2 61 48 63 5
D 56 1243 3 12 57 43 60 53 5
D 65 149 2 8 55 10 9
D 6 151 3 7 11 54 56 65 5
L 67 134 -618
D 66 133 2 4 67 2 5
D 72 1253 2 31 39 33 5
D 73 1253 2 31 32 33 28
D 71 1255 2 72 49 73 5
D 70 1251 2 17 71 40 5
D 76 1245 2 19 27 21 5
D 77 1245 2 19 20 21 28
D 75 1247 2 76 22 77 5
D 78 1247 2 76 41 77 28
D 74 1251 2 75 48 78 5
D 69 1243 3 12 70 43 74 53 5
D 82 1253 2 33 32 31 5
D 83 1253 2 33 39 31 28
D 81 1255 2 82 49 83 5
D 80 1251 2 17 81 40 5
D 86 1245 2 21 20 19 5
D 87 1245 2 21 27 19 28
D 85 1247 2 86 22 87 5
D 88 1247 2 86 41 87 28
D 84 1251 2 85 48 88 5
D 79 1243 3 12 80 43 84 53 5
D 68 151 3 7 69 54 79 65 5
D 89 133 2 2 67 4 3
D 0 135 3 1 6 66 68 89 5
