c ids of sdd nodes start at 0
c sdd nodes appear bottom-up, children before parents
c
c file syntax:
c sdd count-of-sdd-nodes
c F id-of-false-sdd-node
c T id-of-true-sdd-node
c L id-of-literal-sdd-node id-of-vtree literal
c D id-of-decomposition-sdd-node id-of-vtree number-of-elements {id-of-prime id-of-sub}*
c
sdd 90
L 2 744 -615
L 3 746 616
L 4 744 615
F 5
D 1 745 2 2 3 4 5
L 8 764 -409
L 9 766 410
L 10 764 409
D 7 765 2 8 9 10 5
L 13 1240 -407
L 14 1242 408
L 15 1240 407
D 12 1241 2 13 14 15 5
L 19 1260 -2343
L 20 1262 -2344
L 21 1260 2343
D 18 1261 2 19 20 21 5
L 23 1264 -2345
L 24 1266 -2346
L 25 1264 2345
D 22 1265 2 23 24 25 5
L 27 1262 2344
T 28
D 26 1261 2 19 27 21 28
D 17 1263 2 18 22 26 5
L 31 1268 -2347
L 32 1270 -2348
L 33 1268 2347
D 30 1269 2 31 32 33 5
L 35 1272 -2349
L 36 1274 2350
L 37 1272 2349
D 34 1273 2 35 36 37 5
L 39 1270 2348
D 38 1269 2 31 39 33 28
D 29 1271 2 30 34 38 5
L 42 1266 2346
D 41 1265 2 23 42 25 28
D 40 1263 2 18 41 26 28
D 16 1267 2 17 29 40 5
L 44 1242 -408
D 43 1241 2 15 44 13 5
L 48 1274 -2350
D 47 1273 2 37 48 35 5
D 46 1271 2 30 47 38 5
D 45 1267 2 17 46 40 5
D 49 1241 2 13 44 15 14
D 11 1243 3 12 16 43 45 49 5
L 51 766 -410
D 50 765 2 10 51 8 5
D 55 1265 2 23 42 25 5
D 54 1263 2 18 55 26 5
D 57 1273 2 35 48 37 5
D 56 1271 2 30 57 38 5
D 59 1265 2 23 24 25 28
D 58 1263 2 18 59 26 28
D 53 1267 2 54 56 58 5
D 62 1265 2 25 24 23 5
D 61 1263 2 18 62 26 5
D 64 1265 2 25 42 23 28
D 63 1263 2 18 64 26 28
D 60 1267 2 61 56 63 5
D 52 1243 3 12 53 43 60 49 5
D 65 765 2 8 51 10 9
D 6 767 3 7 11 50 52 65 5
L 67 746 -616
D 66 745 2 4 67 2 5
D 72 1269 2 31 39 33 5
D 73 1269 2 31 32 33 28
D 71 1271 2 72 57 73 5
D 70 1267 2 17 71 40 5
D 76 1269 2 33 32 31 5
D 77 1269 2 33 39 31 28
D 75 1271 2 76 57 77 5
D 74 1267 2 17 75 40 5
D 69 1243 3 12 70 43 74 49 5
D 81 1261 2 19 27 21 5
D 82 1261 2 19 20 21 28
D 80 1263 2 81 22 82 5
D 83 1263 2 81 41 82 28
D 79 1267 2 80 56 83 5
D 86 1261 2 21 20 19 5
D 87 1261 2 21 27 19 28
D 85 1263 2 86 22 87 5
D 88 1263 2 86 41 87 28
D 84 1267 2 85 56 88 5
D 78 1243 3 12 79 43 84 49 5
D 68 767 3 7 69 50 78 65 5
D 89 745 2 2 67 4 3
D 0 747 3 1 6 66 68 89 5
