c ids of sdd nodes start at 0
c sdd nodes appear bottom-up, children before parents
c
c file syntax:
c sdd count-of-sdd-nodes
c F id-of-false-sdd-node
c T id-of-true-sdd-node
c L id-of-literal-sdd-node id-of-vtree literal
c D id-of-decomposition-sdd-node id-of-vtree number-of-elements {id-of-prime id-of-sub}*
c
sdd 90
L 2 764 -409
L 3 766 410
L 4 764 409
F 5
D 1 765 2 2 3 4 5
L 8 788 -621
L 9 790 622
L 10 788 621
D 7 789 2 8 9 10 5
L 13 792 -411
L 14 794 412
L 15 792 411
D 12 793 2 13 14 15 5
L 19 796 -2351
L 20 798 -2352
L 21 796 2351
D 18 797 2 19 20 21 5
L 23 800 -2353
L 24 802 -2354
L 25 800 2353
D 22 801 2 23 24 25 5
L 27 798 2352
T 28
D 26 797 2 19 27 21 28
D 17 799 2 18 22 26 5
L 31 804 -2355
L 32 806 -2356
L 33 804 2355
D 30 805 2 31 32 33 5
L 35 808 -2357
L 36 810 2358
L 37 808 2357
D 34 809 2 35 36 37 5
L 39 806 2356
D 38 805 2 31 39 33 28
D 29 807 2 30 34 38 5
L 42 802 2354
D 41 801 2 23 42 25 28
D 40 799 2 18 41 26 28
D 16 803 2 17 29 40 5
L 44 794 -412
D 43 793 2 15 44 13 5
D 47 801 2 23 42 25 5
D 46 799 2 18 47 26 5
L 50 810 -2358
D 49 809 2 35 50 37 5
D 48 807 2 30 49 38 5
D 52 801 2 23 24 25 28
D 51 799 2 18 52 26 28
D 45 803 2 46 48 51 5
D 53 793 2 13 44 15 14
D 11 795 3 12 16 43 45 53 5
L 55 790 -622
D 54 789 2 10 55 8 5
D 59 805 2 31 39 33 5
D 60 805 2 31 32 33 28
D 58 807 2 59 49 60 5
D 57 803 2 17 58 40 5
D 63 797 2 19 27 21 5
D 64 797 2 19 20 21 28
D 62 799 2 63 22 64 5
D 65 799 2 63 41 64 28
D 61 803 2 62 48 65 5
D 56 795 3 12 57 43 61 53 5
D 66 789 2 8 55 10 9
D 6 791 3 7 11 54 56 66 5
L 68 766 -410
D 67 765 2 4 68 2 5
D 73 809 2 37 50 35 5
D 72 807 2 30 73 38 5
D 71 803 2 17 72 40 5
D 76 801 2 25 24 23 5
D 75 799 2 18 76 26 5
D 78 801 2 25 42 23 28
D 77 799 2 18 78 26 28
D 74 803 2 75 48 77 5
D 70 795 3 12 71 43 74 53 5
D 82 805 2 33 32 31 5
D 83 805 2 33 39 31 28
D 81 807 2 82 49 83 5
D 80 803 2 17 81 40 5
D 86 797 2 21 20 19 5
D 87 797 2 21 27 19 28
D 85 799 2 86 22 87 5
D 88 799 2 86 41 87 28
D 84 803 2 85 48 88 5
D 79 795 3 12 80 43 84 53 5
D 69 791 3 7 70 54 79 66 5
D 89 765 2 2 68 4 3
D 0 767 3 1 6 67 69 89 5
