c ids of sdd nodes start at 0
c sdd nodes appear bottom-up, children before parents
c
c file syntax:
c sdd count-of-sdd-nodes
c F id-of-false-sdd-node
c T id-of-true-sdd-node
c L id-of-literal-sdd-node id-of-vtree literal
c D id-of-decomposition-sdd-node id-of-vtree number-of-elements {id-of-prime id-of-sub}*
c
sdd 90
L 2 32 -413
L 3 34 414
L 4 32 413
F 5
D 1 33 2 2 3 4 5
L 8 768 -619
L 9 770 620
L 10 768 619
D 7 769 2 8 9 10 5
L 13 792 -411
L 14 794 412
L 15 792 411
D 12 793 2 13 14 15 5
L 19 812 -2359
L 20 814 -2360
L 21 812 2359
D 18 813 2 19 20 21 5
L 23 816 -2361
L 24 818 -2362
L 25 816 2361
D 22 817 2 23 24 25 5
L 27 814 2360
T 28
D 26 813 2 19 27 21 28
D 17 815 2 18 22 26 5
L 31 820 -2363
L 32 822 -2364
L 33 820 2363
D 30 821 2 31 32 33 5
L 35 824 -2365
L 36 826 2366
L 37 824 2365
D 34 825 2 35 36 37 5
L 39 822 2364
D 38 821 2 31 39 33 28
D 29 823 2 30 34 38 5
L 42 818 2362
D 41 817 2 23 42 25 28
D 40 815 2 18 41 26 28
D 16 819 2 17 29 40 5
L 44 794 -412
D 43 793 2 15 44 13 5
L 48 826 -2366
D 47 825 2 37 48 35 5
D 46 823 2 30 47 38 5
D 45 819 2 17 46 40 5
D 49 793 2 13 44 15 14
D 11 795 3 12 16 43 45 49 5
L 51 770 -620
D 50 769 2 10 51 8 5
D 55 821 2 31 39 33 5
D 56 825 2 35 48 37 5
D 57 821 2 31 32 33 28
D 54 823 2 55 56 57 5
D 53 819 2 17 54 40 5
D 60 821 2 33 32 31 5
D 61 821 2 33 39 31 28
D 59 823 2 60 56 61 5
D 58 819 2 17 59 40 5
D 52 795 3 12 53 43 58 49 5
D 62 769 2 8 51 10 9
D 6 771 3 7 11 50 52 62 5
L 64 34 -414
D 63 33 2 4 64 2 5
D 69 817 2 23 42 25 5
D 68 815 2 18 69 26 5
D 70 823 2 30 56 38 5
D 72 817 2 23 24 25 28
D 71 815 2 18 72 26 28
D 67 819 2 68 70 71 5
D 75 817 2 25 24 23 5
D 74 815 2 18 75 26 5
D 77 817 2 25 42 23 28
D 76 815 2 18 77 26 28
D 73 819 2 74 70 76 5
D 66 795 3 12 67 43 73 49 5
D 81 813 2 19 27 21 5
D 82 813 2 19 20 21 28
D 80 815 2 81 22 82 5
D 83 815 2 81 41 82 28
D 79 819 2 80 70 83 5
D 86 813 2 21 20 19 5
D 87 813 2 21 27 19 28
D 85 815 2 86 22 87 5
D 88 815 2 86 41 87 28
D 84 819 2 85 70 88 5
D 78 795 3 12 79 43 84 49 5
D 65 771 3 7 66 50 78 62 5
D 89 33 2 2 64 4 3
D 0 35 3 1 6 63 65 89 5
