c ids of sdd nodes start at 0
c sdd nodes appear bottom-up, children before parents
c
c file syntax:
c sdd count-of-sdd-nodes
c F id-of-false-sdd-node
c T id-of-true-sdd-node
c L id-of-literal-sdd-node id-of-vtree literal
c D id-of-decomposition-sdd-node id-of-vtree number-of-elements {id-of-prime id-of-sub}*
c
sdd 90
L 2 32 -413
L 3 34 414
L 4 32 413
F 5
D 1 33 2 2 3 4 5
L 8 60 -625
L 9 62 626
L 10 60 625
D 7 61 2 8 9 10 5
L 13 6364 -415
L 14 6366 416
L 15 6364 415
D 12 6365 2 13 14 15 5
L 19 6368 -2367
L 20 6370 -2368
L 21 6368 2367
D 18 6369 2 19 20 21 5
L 23 6372 -2369
L 24 6374 -2370
L 25 6372 2369
D 22 6373 2 23 24 25 5
L 27 6370 2368
T 28
D 26 6369 2 19 27 21 28
D 17 6371 2 18 22 26 5
L 31 6376 -2371
L 32 6378 -2372
L 33 6376 2371
D 30 6377 2 31 32 33 5
L 35 6380 -2373
L 36 6382 2374
L 37 6380 2373
D 34 6381 2 35 36 37 5
L 39 6378 2372
D 38 6377 2 31 39 33 28
D 29 6379 2 30 34 38 5
L 42 6374 2370
D 41 6373 2 23 42 25 28
D 40 6371 2 18 41 26 28
D 16 6375 2 17 29 40 5
L 44 6366 -416
D 43 6365 2 15 44 13 5
D 47 6373 2 23 42 25 5
D 46 6371 2 18 47 26 5
L 50 6382 -2374
D 49 6381 2 35 50 37 5
D 48 6379 2 30 49 38 5
D 52 6373 2 23 24 25 28
D 51 6371 2 18 52 26 28
D 45 6375 2 46 48 51 5
D 53 6365 2 13 44 15 14
D 11 6367 3 12 16 43 45 53 5
L 55 62 -626
D 54 61 2 10 55 8 5
D 59 6377 2 31 39 33 5
D 60 6377 2 31 32 33 28
D 58 6379 2 59 49 60 5
D 57 6375 2 17 58 40 5
D 63 6369 2 19 27 21 5
D 64 6369 2 19 20 21 28
D 62 6371 2 63 22 64 5
D 65 6371 2 63 41 64 28
D 61 6375 2 62 48 65 5
D 56 6367 3 12 57 43 61 53 5
D 66 61 2 8 55 10 9
D 6 63 3 7 11 54 56 66 5
L 68 34 -414
D 67 33 2 4 68 2 5
D 73 6381 2 37 50 35 5
D 72 6379 2 30 73 38 5
D 71 6375 2 17 72 40 5
D 76 6373 2 25 24 23 5
D 75 6371 2 18 76 26 5
D 78 6373 2 25 42 23 28
D 77 6371 2 18 78 26 28
D 74 6375 2 75 48 77 5
D 70 6367 3 12 71 43 74 53 5
D 82 6377 2 33 32 31 5
D 83 6377 2 33 39 31 28
D 81 6379 2 82 49 83 5
D 80 6375 2 17 81 40 5
D 86 6369 2 21 20 19 5
D 87 6369 2 21 27 19 28
D 85 6371 2 86 22 87 5
D 88 6371 2 86 41 87 28
D 84 6375 2 85 48 88 5
D 79 6367 3 12 80 43 84 53 5
D 69 63 3 7 70 54 79 66 5
D 89 33 2 2 68 4 3
D 0 35 3 1 6 67 69 89 5
