c ids of sdd nodes start at 0
c sdd nodes appear bottom-up, children before parents
c
c file syntax:
c sdd count-of-sdd-nodes
c F id-of-false-sdd-node
c T id-of-true-sdd-node
c L id-of-literal-sdd-node id-of-vtree literal
c D id-of-decomposition-sdd-node id-of-vtree number-of-elements {id-of-prime id-of-sub}*
c
sdd 90
L 2 6252 -417
L 3 6254 418
L 4 6252 417
F 5
D 1 6253 2 2 3 4 5
L 8 6344 -623
L 9 6346 624
L 10 6344 623
D 7 6345 2 8 9 10 5
L 13 6364 -415
L 14 6366 416
L 15 6364 415
D 12 6365 2 13 14 15 5
L 19 6384 -2375
L 20 6386 -2376
L 21 6384 2375
D 18 6385 2 19 20 21 5
L 23 6388 -2377
L 24 6390 -2378
L 25 6388 2377
D 22 6389 2 23 24 25 5
L 27 6386 2376
T 28
D 26 6385 2 19 27 21 28
D 17 6387 2 18 22 26 5
L 31 6392 -2379
L 32 6394 -2380
L 33 6392 2379
D 30 6393 2 31 32 33 5
L 35 6396 -2381
L 36 6398 2382
L 37 6396 2381
D 34 6397 2 35 36 37 5
L 39 6394 2380
D 38 6393 2 31 39 33 28
D 29 6395 2 30 34 38 5
L 42 6390 2378
D 41 6389 2 23 42 25 28
D 40 6387 2 18 41 26 28
D 16 6391 2 17 29 40 5
L 44 6366 -416
D 43 6365 2 15 44 13 5
L 48 6398 -2382
D 47 6397 2 37 48 35 5
D 46 6395 2 30 47 38 5
D 45 6391 2 17 46 40 5
D 49 6365 2 13 44 15 14
D 11 6367 3 12 16 43 45 49 5
L 51 6346 -624
D 50 6345 2 10 51 8 5
D 55 6393 2 31 39 33 5
D 56 6397 2 35 48 37 5
D 57 6393 2 31 32 33 28
D 54 6395 2 55 56 57 5
D 53 6391 2 17 54 40 5
D 60 6393 2 33 32 31 5
D 61 6393 2 33 39 31 28
D 59 6395 2 60 56 61 5
D 58 6391 2 17 59 40 5
D 52 6367 3 12 53 43 58 49 5
D 62 6345 2 8 51 10 9
D 6 6347 3 7 11 50 52 62 5
L 64 6254 -418
D 63 6253 2 4 64 2 5
D 69 6389 2 23 42 25 5
D 68 6387 2 18 69 26 5
D 70 6395 2 30 56 38 5
D 72 6389 2 23 24 25 28
D 71 6387 2 18 72 26 28
D 67 6391 2 68 70 71 5
D 75 6389 2 25 24 23 5
D 74 6387 2 18 75 26 5
D 77 6389 2 25 42 23 28
D 76 6387 2 18 77 26 28
D 73 6391 2 74 70 76 5
D 66 6367 3 12 67 43 73 49 5
D 81 6385 2 19 27 21 5
D 82 6385 2 19 20 21 28
D 80 6387 2 81 22 82 5
D 83 6387 2 81 41 82 28
D 79 6391 2 80 70 83 5
D 86 6385 2 21 20 19 5
D 87 6385 2 21 27 19 28
D 85 6387 2 86 22 87 5
D 88 6387 2 86 41 87 28
D 84 6391 2 85 70 88 5
D 78 6367 3 12 79 43 84 49 5
D 65 6347 3 7 66 50 78 62 5
D 89 6253 2 2 64 4 3
D 0 6255 3 1 6 63 65 89 5
