c ids of sdd nodes start at 0
c sdd nodes appear bottom-up, children before parents
c
c file syntax:
c sdd count-of-sdd-nodes
c F id-of-false-sdd-node
c T id-of-true-sdd-node
c L id-of-literal-sdd-node id-of-vtree literal
c D id-of-decomposition-sdd-node id-of-vtree number-of-elements {id-of-prime id-of-sub}*
c
sdd 90
L 2 6012 -629
L 3 6014 630
L 4 6012 629
F 5
D 1 6013 2 2 3 4 5
L 8 6252 -417
L 9 6254 418
L 10 6252 417
D 7 6253 2 8 9 10 5
L 13 6292 -419
L 14 6294 420
L 15 6292 419
D 12 6293 2 13 14 15 5
L 19 6296 -2383
L 20 6298 -2384
L 21 6296 2383
D 18 6297 2 19 20 21 5
L 23 6300 -2385
L 24 6302 -2386
L 25 6300 2385
D 22 6301 2 23 24 25 5
L 27 6298 2384
T 28
D 26 6297 2 19 27 21 28
D 17 6299 2 18 22 26 5
L 31 6304 -2387
L 32 6306 -2388
L 33 6304 2387
D 30 6305 2 31 32 33 5
L 35 6308 -2389
L 36 6310 2390
L 37 6308 2389
D 34 6309 2 35 36 37 5
L 39 6306 2388
D 38 6305 2 31 39 33 28
D 29 6307 2 30 34 38 5
L 42 6302 2386
D 41 6301 2 23 42 25 28
D 40 6299 2 18 41 26 28
D 16 6303 2 17 29 40 5
L 44 6294 -420
D 43 6293 2 15 44 13 5
D 47 6301 2 23 42 25 5
D 46 6299 2 18 47 26 5
L 50 6310 -2390
D 49 6309 2 35 50 37 5
D 48 6307 2 30 49 38 5
D 52 6301 2 23 24 25 28
D 51 6299 2 18 52 26 28
D 45 6303 2 46 48 51 5
D 53 6293 2 13 44 15 14
D 11 6295 3 12 16 43 45 53 5
L 55 6254 -418
D 54 6253 2 10 55 8 5
D 59 6309 2 37 50 35 5
D 58 6307 2 30 59 38 5
D 57 6303 2 17 58 40 5
D 62 6301 2 25 24 23 5
D 61 6299 2 18 62 26 5
D 64 6301 2 25 42 23 28
D 63 6299 2 18 64 26 28
D 60 6303 2 61 48 63 5
D 56 6295 3 12 57 43 60 53 5
D 65 6253 2 8 55 10 9
D 6 6255 3 7 11 54 56 65 5
L 67 6014 -630
D 66 6013 2 4 67 2 5
D 72 6305 2 31 39 33 5
D 73 6305 2 31 32 33 28
D 71 6307 2 72 49 73 5
D 70 6303 2 17 71 40 5
D 76 6297 2 19 27 21 5
D 77 6297 2 19 20 21 28
D 75 6299 2 76 22 77 5
D 78 6299 2 76 41 77 28
D 74 6303 2 75 48 78 5
D 69 6295 3 12 70 43 74 53 5
D 82 6305 2 33 32 31 5
D 83 6305 2 33 39 31 28
D 81 6307 2 82 49 83 5
D 80 6303 2 17 81 40 5
D 86 6297 2 21 20 19 5
D 87 6297 2 21 27 19 28
D 85 6299 2 86 22 87 5
D 88 6299 2 86 41 87 28
D 84 6303 2 85 48 88 5
D 79 6295 3 12 80 43 84 53 5
D 68 6255 3 7 69 54 79 65 5
D 89 6013 2 2 67 4 3
D 0 6015 3 1 6 66 68 89 5
