c ids of sdd nodes start at 0
c sdd nodes appear bottom-up, children before parents
c
c file syntax:
c sdd count-of-sdd-nodes
c F id-of-false-sdd-node
c T id-of-true-sdd-node
c L id-of-literal-sdd-node id-of-vtree literal
c D id-of-decomposition-sdd-node id-of-vtree number-of-elements {id-of-prime id-of-sub}*
c
sdd 90
L 2 6000 -317
L 3 6002 318
L 4 6000 317
F 5
D 1 6001 2 2 3 4 5
L 8 6020 -627
L 9 6022 628
L 10 6020 627
D 7 6021 2 8 9 10 5
L 13 6292 -419
L 14 6294 420
L 15 6292 419
D 12 6293 2 13 14 15 5
L 19 6312 -2391
L 20 6314 -2392
L 21 6312 2391
D 18 6313 2 19 20 21 5
L 23 6316 -2393
L 24 6318 -2394
L 25 6316 2393
D 22 6317 2 23 24 25 5
L 27 6314 2392
T 28
D 26 6313 2 19 27 21 28
D 17 6315 2 18 22 26 5
L 31 6320 -2395
L 32 6322 -2396
L 33 6320 2395
D 30 6321 2 31 32 33 5
L 35 6324 -2397
L 36 6326 2398
L 37 6324 2397
D 34 6325 2 35 36 37 5
L 39 6322 2396
D 38 6321 2 31 39 33 28
D 29 6323 2 30 34 38 5
L 42 6318 2394
D 41 6317 2 23 42 25 28
D 40 6315 2 18 41 26 28
D 16 6319 2 17 29 40 5
L 44 6294 -420
D 43 6293 2 15 44 13 5
L 48 6326 -2398
D 47 6325 2 37 48 35 5
D 46 6323 2 30 47 38 5
D 45 6319 2 17 46 40 5
D 49 6293 2 13 44 15 14
D 11 6295 3 12 16 43 45 49 5
L 51 6022 -628
D 50 6021 2 10 51 8 5
D 55 6321 2 31 39 33 5
D 56 6325 2 35 48 37 5
D 57 6321 2 31 32 33 28
D 54 6323 2 55 56 57 5
D 53 6319 2 17 54 40 5
D 60 6321 2 33 32 31 5
D 61 6321 2 33 39 31 28
D 59 6323 2 60 56 61 5
D 58 6319 2 17 59 40 5
D 52 6295 3 12 53 43 58 49 5
D 62 6021 2 8 51 10 9
D 6 6023 3 7 11 50 52 62 5
L 64 6002 -318
D 63 6001 2 4 64 2 5
D 69 6317 2 23 42 25 5
D 68 6315 2 18 69 26 5
D 70 6323 2 30 56 38 5
D 72 6317 2 23 24 25 28
D 71 6315 2 18 72 26 28
D 67 6319 2 68 70 71 5
D 75 6317 2 25 24 23 5
D 74 6315 2 18 75 26 5
D 77 6317 2 25 42 23 28
D 76 6315 2 18 77 26 28
D 73 6319 2 74 70 76 5
D 66 6295 3 12 67 43 73 49 5
D 81 6313 2 19 27 21 5
D 82 6313 2 19 20 21 28
D 80 6315 2 81 22 82 5
D 83 6315 2 81 41 82 28
D 79 6319 2 80 70 83 5
D 86 6313 2 21 20 19 5
D 87 6313 2 21 27 19 28
D 85 6315 2 86 22 87 5
D 88 6315 2 86 41 87 28
D 84 6319 2 85 70 88 5
D 78 6295 3 12 79 43 84 49 5
D 65 6023 3 7 66 50 78 62 5
D 89 6001 2 2 64 4 3
D 0 6003 3 1 6 63 65 89 5
