c ids of sdd nodes start at 0
c sdd nodes appear bottom-up, children before parents
c
c file syntax:
c sdd count-of-sdd-nodes
c F id-of-false-sdd-node
c T id-of-true-sdd-node
c L id-of-literal-sdd-node id-of-vtree literal
c D id-of-decomposition-sdd-node id-of-vtree number-of-elements {id-of-prime id-of-sub}*
c
sdd 90
L 2 5156 -641
L 3 5158 642
L 4 5156 641
F 5
D 1 5157 2 2 3 4 5
L 8 5160 -425
L 9 5162 426
L 10 5160 425
D 7 5161 2 8 9 10 5
L 13 5712 -421
L 14 5714 422
L 15 5712 421
D 12 5713 2 13 14 15 5
L 19 5716 -2399
L 20 5718 -2400
L 21 5716 2399
D 18 5717 2 19 20 21 5
L 23 5720 -2401
L 24 5722 -2402
L 25 5720 2401
D 22 5721 2 23 24 25 5
L 27 5718 2400
T 28
D 26 5717 2 19 27 21 28
D 17 5719 2 18 22 26 5
L 31 5724 -2403
L 32 5726 -2404
L 33 5724 2403
D 30 5725 2 31 32 33 5
L 35 5728 -2405
L 36 5730 2406
L 37 5728 2405
D 34 5729 2 35 36 37 5
L 39 5726 2404
D 38 5725 2 31 39 33 28
D 29 5727 2 30 34 38 5
L 42 5722 2402
D 41 5721 2 23 42 25 28
D 40 5719 2 18 41 26 28
D 16 5723 2 17 29 40 5
L 44 5714 -422
D 43 5713 2 15 44 13 5
L 48 5730 -2406
D 47 5729 2 37 48 35 5
D 46 5727 2 30 47 38 5
D 45 5723 2 17 46 40 5
D 49 5713 2 13 44 15 14
D 11 5715 3 12 16 43 45 49 5
L 51 5162 -426
D 50 5161 2 10 51 8 5
D 55 5721 2 23 42 25 5
D 54 5719 2 18 55 26 5
D 57 5729 2 35 48 37 5
D 56 5727 2 30 57 38 5
D 59 5721 2 23 24 25 28
D 58 5719 2 18 59 26 28
D 53 5723 2 54 56 58 5
D 62 5721 2 25 24 23 5
D 61 5719 2 18 62 26 5
D 64 5721 2 25 42 23 28
D 63 5719 2 18 64 26 28
D 60 5723 2 61 56 63 5
D 52 5715 3 12 53 43 60 49 5
D 65 5161 2 8 51 10 9
D 6 5163 3 7 11 50 52 65 5
L 67 5158 -642
D 66 5157 2 4 67 2 5
D 72 5725 2 31 39 33 5
D 73 5725 2 31 32 33 28
D 71 5727 2 72 57 73 5
D 70 5723 2 17 71 40 5
D 76 5725 2 33 32 31 5
D 77 5725 2 33 39 31 28
D 75 5727 2 76 57 77 5
D 74 5723 2 17 75 40 5
D 69 5715 3 12 70 43 74 49 5
D 81 5717 2 19 27 21 5
D 82 5717 2 19 20 21 28
D 80 5719 2 81 22 82 5
D 83 5719 2 81 41 82 28
D 79 5723 2 80 56 83 5
D 86 5717 2 21 20 19 5
D 87 5717 2 21 27 19 28
D 85 5719 2 86 22 87 5
D 88 5719 2 86 41 87 28
D 84 5723 2 85 56 88 5
D 78 5715 3 12 79 43 84 49 5
D 68 5163 3 7 69 50 78 65 5
D 89 5157 2 2 67 4 3
D 0 5159 3 1 6 66 68 89 5
