c ids of sdd nodes start at 0
c sdd nodes appear bottom-up, children before parents
c
c file syntax:
c sdd count-of-sdd-nodes
c F id-of-false-sdd-node
c T id-of-true-sdd-node
c L id-of-literal-sdd-node id-of-vtree literal
c D id-of-decomposition-sdd-node id-of-vtree number-of-elements {id-of-prime id-of-sub}*
c
sdd 90
L 2 4616 -433
L 3 4618 434
L 4 4616 433
F 5
D 1 4617 2 2 3 4 5
L 8 4668 -427
L 9 4670 428
L 10 4668 427
D 7 4669 2 8 9 10 5
L 13 4932 -647
L 14 4934 648
L 15 4932 647
D 12 4933 2 13 14 15 5
L 19 4936 -2419
L 20 4938 -2420
L 21 4936 2419
D 18 4937 2 19 20 21 5
L 23 4940 -2421
L 24 4942 -2422
L 25 4940 2421
D 22 4941 2 23 24 25 5
L 27 4938 2420
T 28
D 26 4937 2 19 27 21 28
D 17 4939 2 18 22 26 5
L 31 4944 -2423
L 32 4946 -2424
L 33 4944 2423
D 30 4945 2 31 32 33 5
L 35 4948 -2425
L 36 4950 2426
L 37 4948 2425
D 34 4949 2 35 36 37 5
L 39 4946 2424
D 38 4945 2 31 39 33 28
D 29 4947 2 30 34 38 5
L 42 4942 2422
D 41 4941 2 23 42 25 28
D 40 4939 2 18 41 26 28
D 16 4943 2 17 29 40 5
L 44 4934 -648
D 43 4933 2 15 44 13 5
D 47 4945 2 31 39 33 5
L 49 4950 -2426
D 48 4949 2 35 49 37 5
D 50 4945 2 31 32 33 28
D 46 4947 2 47 48 50 5
D 45 4943 2 17 46 40 5
D 51 4933 2 13 44 15 14
D 11 4935 3 12 16 43 45 51 5
L 53 4670 -428
D 52 4669 2 10 53 8 5
D 57 4949 2 37 49 35 5
D 56 4947 2 30 57 38 5
D 55 4943 2 17 56 40 5
D 60 4945 2 33 32 31 5
D 61 4945 2 33 39 31 28
D 59 4947 2 60 48 61 5
D 58 4943 2 17 59 40 5
D 54 4935 3 12 55 43 58 51 5
D 62 4669 2 8 53 10 9
D 6 4671 3 7 11 52 54 62 5
L 64 4618 -434
D 63 4617 2 4 64 2 5
D 69 4941 2 23 42 25 5
D 68 4939 2 18 69 26 5
D 70 4947 2 30 48 38 5
D 72 4941 2 23 24 25 28
D 71 4939 2 18 72 26 28
D 67 4943 2 68 70 71 5
D 75 4937 2 19 27 21 5
D 76 4937 2 19 20 21 28
D 74 4939 2 75 22 76 5
D 77 4939 2 75 41 76 28
D 73 4943 2 74 70 77 5
D 66 4935 3 12 67 43 73 51 5
D 81 4941 2 25 24 23 5
D 80 4939 2 18 81 26 5
D 83 4941 2 25 42 23 28
D 82 4939 2 18 83 26 28
D 79 4943 2 80 70 82 5
D 86 4937 2 21 20 19 5
D 87 4937 2 21 27 19 28
D 85 4939 2 86 22 87 5
D 88 4939 2 86 41 87 28
D 84 4943 2 85 70 88 5
D 78 4935 3 12 79 43 84 51 5
D 65 4671 3 7 66 52 78 62 5
D 89 4617 2 2 64 4 3
D 0 4619 3 1 6 63 65 89 5
