c ids of sdd nodes start at 0
c sdd nodes appear bottom-up, children before parents
c
c file syntax:
c sdd count-of-sdd-nodes
c F id-of-false-sdd-node
c T id-of-true-sdd-node
c L id-of-literal-sdd-node id-of-vtree literal
c D id-of-decomposition-sdd-node id-of-vtree number-of-elements {id-of-prime id-of-sub}*
c
sdd 90
L 2 5584 -423
L 3 5586 424
L 4 5584 423
F 5
D 1 5585 2 2 3 4 5
L 8 5588 -651
L 9 5590 652
L 10 5588 651
D 7 5589 2 8 9 10 5
L 13 5624 -431
L 14 5626 432
L 15 5624 431
D 12 5625 2 13 14 15 5
L 19 5628 -2435
L 20 5630 -2436
L 21 5628 2435
D 18 5629 2 19 20 21 5
L 23 5632 -2437
L 24 5634 -2438
L 25 5632 2437
D 22 5633 2 23 24 25 5
L 27 5630 2436
T 28
D 26 5629 2 19 27 21 28
D 17 5631 2 18 22 26 5
L 31 5636 -2439
L 32 5638 -2440
L 33 5636 2439
D 30 5637 2 31 32 33 5
L 35 5640 -2441
L 36 5642 2442
L 37 5640 2441
D 34 5641 2 35 36 37 5
L 39 5638 2440
D 38 5637 2 31 39 33 28
D 29 5639 2 30 34 38 5
L 42 5634 2438
D 41 5633 2 23 42 25 28
D 40 5631 2 18 41 26 28
D 16 5635 2 17 29 40 5
L 44 5626 -432
D 43 5625 2 15 44 13 5
L 48 5642 -2442
D 47 5641 2 37 48 35 5
D 46 5639 2 30 47 38 5
D 45 5635 2 17 46 40 5
D 49 5625 2 13 44 15 14
D 11 5627 3 12 16 43 45 49 5
L 51 5590 -652
D 50 5589 2 10 51 8 5
D 55 5637 2 31 39 33 5
D 56 5641 2 35 48 37 5
D 57 5637 2 31 32 33 28
D 54 5639 2 55 56 57 5
D 53 5635 2 17 54 40 5
D 60 5637 2 33 32 31 5
D 61 5637 2 33 39 31 28
D 59 5639 2 60 56 61 5
D 58 5635 2 17 59 40 5
D 52 5627 3 12 53 43 58 49 5
D 62 5589 2 8 51 10 9
D 6 5591 3 7 11 50 52 62 5
L 64 5586 -424
D 63 5585 2 4 64 2 5
D 69 5633 2 23 42 25 5
D 68 5631 2 18 69 26 5
D 70 5639 2 30 56 38 5
D 72 5633 2 23 24 25 28
D 71 5631 2 18 72 26 28
D 67 5635 2 68 70 71 5
D 75 5633 2 25 24 23 5
D 74 5631 2 18 75 26 5
D 77 5633 2 25 42 23 28
D 76 5631 2 18 77 26 28
D 73 5635 2 74 70 76 5
D 66 5627 3 12 67 43 73 49 5
D 81 5629 2 19 27 21 5
D 82 5629 2 19 20 21 28
D 80 5631 2 81 22 82 5
D 83 5631 2 81 41 82 28
D 79 5635 2 80 70 83 5
D 86 5629 2 21 20 19 5
D 87 5629 2 21 27 19 28
D 85 5631 2 86 22 87 5
D 88 5631 2 86 41 87 28
D 84 5635 2 85 70 88 5
D 78 5627 3 12 79 43 84 49 5
D 65 5591 3 7 66 50 78 62 5
D 89 5585 2 2 64 4 3
D 0 5587 3 1 6 63 65 89 5
