c ids of sdd nodes start at 0
c sdd nodes appear bottom-up, children before parents
c
c file syntax:
c sdd count-of-sdd-nodes
c F id-of-false-sdd-node
c T id-of-true-sdd-node
c L id-of-literal-sdd-node id-of-vtree literal
c D id-of-decomposition-sdd-node id-of-vtree number-of-elements {id-of-prime id-of-sub}*
c
sdd 90
L 2 4216 -637
L 3 4218 638
L 4 4216 637
F 5
D 1 4217 2 2 3 4 5
L 8 4232 -435
L 9 4234 436
L 10 4232 435
D 7 4233 2 8 9 10 5
L 13 4696 -429
L 14 4698 430
L 15 4696 429
D 12 4697 2 13 14 15 5
L 19 4716 -2451
L 20 4718 -2452
L 21 4716 2451
D 18 4717 2 19 20 21 5
L 23 4720 -2453
L 24 4722 -2454
L 25 4720 2453
D 22 4721 2 23 24 25 5
L 27 4718 2452
T 28
D 26 4717 2 19 27 21 28
D 17 4719 2 18 22 26 5
L 31 4724 -2455
L 32 4726 -2456
L 33 4724 2455
D 30 4725 2 31 32 33 5
L 35 4728 -2457
L 36 4730 2458
L 37 4728 2457
D 34 4729 2 35 36 37 5
L 39 4726 2456
D 38 4725 2 31 39 33 28
D 29 4727 2 30 34 38 5
L 42 4722 2454
D 41 4721 2 23 42 25 28
D 40 4719 2 18 41 26 28
D 16 4723 2 17 29 40 5
L 44 4698 -430
D 43 4697 2 15 44 13 5
D 47 4721 2 23 42 25 5
D 46 4719 2 18 47 26 5
L 50 4730 -2458
D 49 4729 2 35 50 37 5
D 48 4727 2 30 49 38 5
D 52 4721 2 23 24 25 28
D 51 4719 2 18 52 26 28
D 45 4723 2 46 48 51 5
D 53 4697 2 13 44 15 14
D 11 4699 3 12 16 43 45 53 5
L 55 4234 -436
D 54 4233 2 10 55 8 5
D 59 4729 2 37 50 35 5
D 58 4727 2 30 59 38 5
D 57 4723 2 17 58 40 5
D 62 4721 2 25 24 23 5
D 61 4719 2 18 62 26 5
D 64 4721 2 25 42 23 28
D 63 4719 2 18 64 26 28
D 60 4723 2 61 48 63 5
D 56 4699 3 12 57 43 60 53 5
D 65 4233 2 8 55 10 9
D 6 4235 3 7 11 54 56 65 5
L 67 4218 -638
D 66 4217 2 4 67 2 5
D 72 4725 2 31 39 33 5
D 73 4725 2 31 32 33 28
D 71 4727 2 72 49 73 5
D 70 4723 2 17 71 40 5
D 76 4717 2 19 27 21 5
D 77 4717 2 19 20 21 28
D 75 4719 2 76 22 77 5
D 78 4719 2 76 41 77 28
D 74 4723 2 75 48 78 5
D 69 4699 3 12 70 43 74 53 5
D 82 4725 2 33 32 31 5
D 83 4725 2 33 39 31 28
D 81 4727 2 82 49 83 5
D 80 4723 2 17 81 40 5
D 86 4717 2 21 20 19 5
D 87 4717 2 21 27 19 28
D 85 4719 2 86 22 87 5
D 88 4719 2 86 41 87 28
D 84 4723 2 85 48 88 5
D 79 4699 3 12 80 43 84 53 5
D 68 4235 3 7 69 54 79 65 5
D 89 4217 2 2 67 4 3
D 0 4219 3 1 6 66 68 89 5
