c ids of sdd nodes start at 0
c sdd nodes appear bottom-up, children before parents
c
c file syntax:
c sdd count-of-sdd-nodes
c F id-of-false-sdd-node
c T id-of-true-sdd-node
c L id-of-literal-sdd-node id-of-vtree literal
c D id-of-decomposition-sdd-node id-of-vtree number-of-elements {id-of-prime id-of-sub}*
c
sdd 90
L 2 152 -441
L 3 154 442
L 4 152 441
F 5
D 1 153 2 2 3 4 5
L 8 156 -779
L 9 158 780
L 10 156 779
D 7 157 2 8 9 10 5
L 13 648 -439
L 14 650 440
L 15 648 439
D 12 649 2 13 14 15 5
L 19 668 -2467
L 20 670 -2468
L 21 668 2467
D 18 669 2 19 20 21 5
L 23 672 -2469
L 24 674 -2470
L 25 672 2469
D 22 673 2 23 24 25 5
L 27 670 2468
T 28
D 26 669 2 19 27 21 28
D 17 671 2 18 22 26 5
L 31 676 -2471
L 32 678 -2472
L 33 676 2471
D 30 677 2 31 32 33 5
L 35 680 -2473
L 36 682 2474
L 37 680 2473
D 34 681 2 35 36 37 5
L 39 678 2472
D 38 677 2 31 39 33 28
D 29 679 2 30 34 38 5
L 42 674 2470
D 41 673 2 23 42 25 28
D 40 671 2 18 41 26 28
D 16 675 2 17 29 40 5
L 44 650 -440
D 43 649 2 15 44 13 5
L 48 682 -2474
D 47 681 2 37 48 35 5
D 46 679 2 30 47 38 5
D 45 675 2 17 46 40 5
D 49 649 2 13 44 15 14
D 11 651 3 12 16 43 45 49 5
L 51 158 -780
D 50 157 2 10 51 8 5
D 55 677 2 31 39 33 5
D 56 681 2 35 48 37 5
D 57 677 2 31 32 33 28
D 54 679 2 55 56 57 5
D 53 675 2 17 54 40 5
D 60 677 2 33 32 31 5
D 61 677 2 33 39 31 28
D 59 679 2 60 56 61 5
D 58 675 2 17 59 40 5
D 52 651 3 12 53 43 58 49 5
D 62 157 2 8 51 10 9
D 6 159 3 7 11 50 52 62 5
L 64 154 -442
D 63 153 2 4 64 2 5
D 69 673 2 23 42 25 5
D 68 671 2 18 69 26 5
D 70 679 2 30 56 38 5
D 72 673 2 23 24 25 28
D 71 671 2 18 72 26 28
D 67 675 2 68 70 71 5
D 75 673 2 25 24 23 5
D 74 671 2 18 75 26 5
D 77 673 2 25 42 23 28
D 76 671 2 18 77 26 28
D 73 675 2 74 70 76 5
D 66 651 3 12 67 43 73 49 5
D 81 669 2 19 27 21 5
D 82 669 2 19 20 21 28
D 80 671 2 81 22 82 5
D 83 671 2 81 41 82 28
D 79 675 2 80 70 83 5
D 86 669 2 21 20 19 5
D 87 669 2 21 27 19 28
D 85 671 2 86 22 87 5
D 88 671 2 86 41 87 28
D 84 675 2 85 70 88 5
D 78 651 3 12 79 43 84 49 5
D 65 159 3 7 66 50 78 62 5
D 89 153 2 2 64 4 3
D 0 155 3 1 6 63 65 89 5
