c ids of sdd nodes start at 0
c sdd nodes appear bottom-up, children before parents
c
c file syntax:
c sdd count-of-sdd-nodes
c F id-of-false-sdd-node
c T id-of-true-sdd-node
c L id-of-literal-sdd-node id-of-vtree literal
c D id-of-decomposition-sdd-node id-of-vtree number-of-elements {id-of-prime id-of-sub}*
c
sdd 90
L 2 120 -487
L 3 122 488
L 4 120 487
F 5
D 1 121 2 2 3 4 5
L 8 2080 -41
L 9 2082 42
L 10 2080 41
D 7 2081 2 8 9 10 5
L 13 2212 -43
L 14 2214 44
L 15 2212 43
D 12 2213 2 13 14 15 5
L 19 2216 -969
L 20 2218 -970
L 21 2216 969
D 18 2217 2 19 20 21 5
L 23 2220 -971
L 24 2222 -972
L 25 2220 971
D 22 2221 2 23 24 25 5
L 27 2218 970
T 28
D 26 2217 2 19 27 21 28
D 17 2219 2 18 22 26 5
L 31 2224 -973
L 32 2226 -974
L 33 2224 973
D 30 2225 2 31 32 33 5
L 35 2228 -975
L 36 2230 976
L 37 2228 975
D 34 2229 2 35 36 37 5
L 39 2226 974
D 38 2225 2 31 39 33 28
D 29 2227 2 30 34 38 5
L 42 2222 972
D 41 2221 2 23 42 25 28
D 40 2219 2 18 41 26 28
D 16 2223 2 17 29 40 5
L 44 2214 -44
D 43 2213 2 15 44 13 5
L 48 2230 -976
D 47 2229 2 37 48 35 5
D 46 2227 2 30 47 38 5
D 45 2223 2 17 46 40 5
D 49 2213 2 13 44 15 14
D 11 2215 3 12 16 43 45 49 5
L 51 2082 -42
D 50 2081 2 10 51 8 5
D 55 2221 2 23 42 25 5
D 54 2219 2 18 55 26 5
D 57 2229 2 35 48 37 5
D 56 2227 2 30 57 38 5
D 59 2221 2 23 24 25 28
D 58 2219 2 18 59 26 28
D 53 2223 2 54 56 58 5
D 62 2221 2 25 24 23 5
D 61 2219 2 18 62 26 5
D 64 2221 2 25 42 23 28
D 63 2219 2 18 64 26 28
D 60 2223 2 61 56 63 5
D 52 2215 3 12 53 43 60 49 5
D 65 2081 2 8 51 10 9
D 6 2083 3 7 11 50 52 65 5
L 67 122 -488
D 66 121 2 4 67 2 5
D 72 2225 2 31 39 33 5
D 73 2225 2 31 32 33 28
D 71 2227 2 72 57 73 5
D 70 2223 2 17 71 40 5
D 76 2225 2 33 32 31 5
D 77 2225 2 33 39 31 28
D 75 2227 2 76 57 77 5
D 74 2223 2 17 75 40 5
D 69 2215 3 12 70 43 74 49 5
D 81 2217 2 19 27 21 5
D 82 2217 2 19 20 21 28
D 80 2219 2 81 22 82 5
D 83 2219 2 81 41 82 28
D 79 2223 2 80 56 83 5
D 86 2217 2 21 20 19 5
D 87 2217 2 21 27 19 28
D 85 2219 2 86 22 87 5
D 88 2219 2 86 41 87 28
D 84 2223 2 85 56 88 5
D 78 2215 3 12 79 43 84 49 5
D 68 2083 3 7 69 50 78 65 5
D 89 121 2 2 67 4 3
D 0 123 3 1 6 66 68 89 5
