c ids of sdd nodes start at 0
c sdd nodes appear bottom-up, children before parents
c
c file syntax:
c sdd count-of-sdd-nodes
c F id-of-false-sdd-node
c T id-of-true-sdd-node
c L id-of-literal-sdd-node id-of-vtree literal
c D id-of-decomposition-sdd-node id-of-vtree number-of-elements {id-of-prime id-of-sub}*
c
sdd 90
L 2 140 -465
L 3 142 466
L 4 140 465
F 5
D 1 141 2 2 3 4 5
L 8 152 -441
L 9 154 442
L 10 152 441
D 7 153 2 8 9 10 5
L 13 164 -777
L 14 166 778
L 15 164 777
D 12 165 2 13 14 15 5
L 19 168 -2475
L 20 170 -2476
L 21 168 2475
D 18 169 2 19 20 21 5
L 23 172 -2477
L 24 174 -2478
L 25 172 2477
D 22 173 2 23 24 25 5
L 27 170 2476
T 28
D 26 169 2 19 27 21 28
D 17 171 2 18 22 26 5
L 31 176 -2479
L 32 178 -2480
L 33 176 2479
D 30 177 2 31 32 33 5
L 35 180 -2481
L 36 182 2482
L 37 180 2481
D 34 181 2 35 36 37 5
L 39 178 2480
D 38 177 2 31 39 33 28
D 29 179 2 30 34 38 5
L 42 174 2478
D 41 173 2 23 42 25 28
D 40 171 2 18 41 26 28
D 16 175 2 17 29 40 5
L 44 166 -778
D 43 165 2 15 44 13 5
D 47 177 2 31 39 33 5
L 49 182 -2482
D 48 181 2 35 49 37 5
D 50 177 2 31 32 33 28
D 46 179 2 47 48 50 5
D 45 175 2 17 46 40 5
D 51 165 2 13 44 15 14
D 11 167 3 12 16 43 45 51 5
L 53 154 -442
D 52 153 2 10 53 8 5
D 57 181 2 37 49 35 5
D 56 179 2 30 57 38 5
D 55 175 2 17 56 40 5
D 60 177 2 33 32 31 5
D 61 177 2 33 39 31 28
D 59 179 2 60 48 61 5
D 58 175 2 17 59 40 5
D 54 167 3 12 55 43 58 51 5
D 62 153 2 8 53 10 9
D 6 155 3 7 11 52 54 62 5
L 64 142 -466
D 63 141 2 4 64 2 5
D 69 173 2 23 42 25 5
D 68 171 2 18 69 26 5
D 70 179 2 30 48 38 5
D 72 173 2 23 24 25 28
D 71 171 2 18 72 26 28
D 67 175 2 68 70 71 5
D 75 169 2 19 27 21 5
D 76 169 2 19 20 21 28
D 74 171 2 75 22 76 5
D 77 171 2 75 41 76 28
D 73 175 2 74 70 77 5
D 66 167 3 12 67 43 73 51 5
D 81 173 2 25 24 23 5
D 80 171 2 18 81 26 5
D 83 173 2 25 42 23 28
D 82 171 2 18 83 26 28
D 79 175 2 80 70 82 5
D 86 169 2 21 20 19 5
D 87 169 2 21 27 19 28
D 85 171 2 86 22 87 5
D 88 171 2 86 41 87 28
D 84 175 2 85 70 88 5
D 78 167 3 12 79 43 84 51 5
D 65 155 3 7 66 52 78 62 5
D 89 141 2 2 64 4 3
D 0 143 3 1 6 63 65 89 5
