c ids of sdd nodes start at 0
c sdd nodes appear bottom-up, children before parents
c
c file syntax:
c sdd count-of-sdd-nodes
c F id-of-false-sdd-node
c T id-of-true-sdd-node
c L id-of-literal-sdd-node id-of-vtree literal
c D id-of-decomposition-sdd-node id-of-vtree number-of-elements {id-of-prime id-of-sub}*
c
sdd 90
L 2 5320 -669
L 3 5322 670
L 4 5320 669
F 5
D 1 5321 2 2 3 4 5
L 8 5340 -447
L 9 5342 448
L 10 5340 447
D 7 5341 2 8 9 10 5
L 13 5380 -449
L 14 5382 450
L 15 5380 449
D 12 5381 2 13 14 15 5
L 19 5400 -2503
L 20 5402 -2504
L 21 5400 2503
D 18 5401 2 19 20 21 5
L 23 5404 -2505
L 24 5406 -2506
L 25 5404 2505
D 22 5405 2 23 24 25 5
L 27 5402 2504
T 28
D 26 5401 2 19 27 21 28
D 17 5403 2 18 22 26 5
L 31 5408 -2507
L 32 5410 -2508
L 33 5408 2507
D 30 5409 2 31 32 33 5
L 35 5412 -2509
L 36 5414 2510
L 37 5412 2509
D 34 5413 2 35 36 37 5
L 39 5410 2508
D 38 5409 2 31 39 33 28
D 29 5411 2 30 34 38 5
L 42 5406 2506
D 41 5405 2 23 42 25 28
D 40 5403 2 18 41 26 28
D 16 5407 2 17 29 40 5
L 44 5382 -450
D 43 5381 2 15 44 13 5
L 48 5414 -2510
D 47 5413 2 37 48 35 5
D 46 5411 2 30 47 38 5
D 45 5407 2 17 46 40 5
D 49 5381 2 13 44 15 14
D 11 5383 3 12 16 43 45 49 5
L 51 5342 -448
D 50 5341 2 10 51 8 5
D 55 5405 2 23 42 25 5
D 54 5403 2 18 55 26 5
D 57 5413 2 35 48 37 5
D 56 5411 2 30 57 38 5
D 59 5405 2 23 24 25 28
D 58 5403 2 18 59 26 28
D 53 5407 2 54 56 58 5
D 62 5405 2 25 24 23 5
D 61 5403 2 18 62 26 5
D 64 5405 2 25 42 23 28
D 63 5403 2 18 64 26 28
D 60 5407 2 61 56 63 5
D 52 5383 3 12 53 43 60 49 5
D 65 5341 2 8 51 10 9
D 6 5343 3 7 11 50 52 65 5
L 67 5322 -670
D 66 5321 2 4 67 2 5
D 72 5409 2 31 39 33 5
D 73 5409 2 31 32 33 28
D 71 5411 2 72 57 73 5
D 70 5407 2 17 71 40 5
D 76 5409 2 33 32 31 5
D 77 5409 2 33 39 31 28
D 75 5411 2 76 57 77 5
D 74 5407 2 17 75 40 5
D 69 5383 3 12 70 43 74 49 5
D 81 5401 2 19 27 21 5
D 82 5401 2 19 20 21 28
D 80 5403 2 81 22 82 5
D 83 5403 2 81 41 82 28
D 79 5407 2 80 56 83 5
D 86 5401 2 21 20 19 5
D 87 5401 2 21 27 19 28
D 85 5403 2 86 22 87 5
D 88 5403 2 86 41 87 28
D 84 5407 2 85 56 88 5
D 78 5383 3 12 79 43 84 49 5
D 68 5343 3 7 69 50 78 65 5
D 89 5321 2 2 67 4 3
D 0 5323 3 1 6 66 68 89 5
