c ids of sdd nodes start at 0
c sdd nodes appear bottom-up, children before parents
c
c file syntax:
c sdd count-of-sdd-nodes
c F id-of-false-sdd-node
c T id-of-true-sdd-node
c L id-of-literal-sdd-node id-of-vtree literal
c D id-of-decomposition-sdd-node id-of-vtree number-of-elements {id-of-prime id-of-sub}*
c
sdd 90
L 2 5784 -299
L 3 5786 300
L 4 5784 299
F 5
D 1 5785 2 2 3 4 5
L 8 5792 -455
L 9 5794 456
L 10 5792 455
D 7 5793 2 8 9 10 5
L 13 6256 -781
L 14 6258 782
L 15 6256 781
D 12 6257 2 13 14 15 5
L 19 6260 -2527
L 20 6262 -2528
L 21 6260 2527
D 18 6261 2 19 20 21 5
L 23 6264 -2529
L 24 6266 -2530
L 25 6264 2529
D 22 6265 2 23 24 25 5
L 27 6262 2528
T 28
D 26 6261 2 19 27 21 28
D 17 6263 2 18 22 26 5
L 31 6268 -2531
L 32 6270 -2532
L 33 6268 2531
D 30 6269 2 31 32 33 5
L 35 6272 -2533
L 36 6274 2534
L 37 6272 2533
D 34 6273 2 35 36 37 5
L 39 6270 2532
D 38 6269 2 31 39 33 28
D 29 6271 2 30 34 38 5
L 42 6266 2530
D 41 6265 2 23 42 25 28
D 40 6263 2 18 41 26 28
D 16 6267 2 17 29 40 5
L 44 6258 -782
D 43 6257 2 15 44 13 5
D 47 6269 2 31 39 33 5
L 49 6274 -2534
D 48 6273 2 35 49 37 5
D 50 6269 2 31 32 33 28
D 46 6271 2 47 48 50 5
D 45 6267 2 17 46 40 5
D 51 6257 2 13 44 15 14
D 11 6259 3 12 16 43 45 51 5
L 53 5794 -456
D 52 5793 2 10 53 8 5
D 57 6273 2 37 49 35 5
D 56 6271 2 30 57 38 5
D 55 6267 2 17 56 40 5
D 60 6269 2 33 32 31 5
D 61 6269 2 33 39 31 28
D 59 6271 2 60 48 61 5
D 58 6267 2 17 59 40 5
D 54 6259 3 12 55 43 58 51 5
D 62 5793 2 8 53 10 9
D 6 5795 3 7 11 52 54 62 5
L 64 5786 -300
D 63 5785 2 4 64 2 5
D 69 6265 2 23 42 25 5
D 68 6263 2 18 69 26 5
D 70 6271 2 30 48 38 5
D 72 6265 2 23 24 25 28
D 71 6263 2 18 72 26 28
D 67 6267 2 68 70 71 5
D 75 6261 2 19 27 21 5
D 76 6261 2 19 20 21 28
D 74 6263 2 75 22 76 5
D 77 6263 2 75 41 76 28
D 73 6267 2 74 70 77 5
D 66 6259 3 12 67 43 73 51 5
D 81 6265 2 25 24 23 5
D 80 6263 2 18 81 26 5
D 83 6265 2 25 42 23 28
D 82 6263 2 18 83 26 28
D 79 6267 2 80 70 82 5
D 86 6261 2 21 20 19 5
D 87 6261 2 21 27 19 28
D 85 6263 2 86 22 87 5
D 88 6263 2 86 41 87 28
D 84 6267 2 85 70 88 5
D 78 6259 3 12 79 43 84 51 5
D 65 5795 3 7 66 52 78 62 5
D 89 5785 2 2 64 4 3
D 0 5787 3 1 6 63 65 89 5
