c ids of sdd nodes start at 0
c sdd nodes appear bottom-up, children before parents
c
c file syntax:
c sdd count-of-sdd-nodes
c F id-of-false-sdd-node
c T id-of-true-sdd-node
c L id-of-literal-sdd-node id-of-vtree literal
c D id-of-decomposition-sdd-node id-of-vtree number-of-elements {id-of-prime id-of-sub}*
c
sdd 90
L 2 24 -785
L 3 26 786
L 4 24 785
F 5
D 1 25 2 2 3 4 5
L 8 68 -459
L 9 70 460
L 10 68 459
D 7 69 2 8 9 10 5
L 13 5876 -453
L 14 5878 454
L 15 5876 453
D 12 5877 2 13 14 15 5
L 19 5912 -2543
L 20 5914 -2544
L 21 5912 2543
D 18 5913 2 19 20 21 5
L 23 5916 -2545
L 24 5918 -2546
L 25 5916 2545
D 22 5917 2 23 24 25 5
L 27 5914 2544
T 28
D 26 5913 2 19 27 21 28
D 17 5915 2 18 22 26 5
L 31 5920 -2547
L 32 5922 -2548
L 33 5920 2547
D 30 5921 2 31 32 33 5
L 35 5924 -2549
L 36 5926 2550
L 37 5924 2549
D 34 5925 2 35 36 37 5
L 39 5922 2548
D 38 5921 2 31 39 33 28
D 29 5923 2 30 34 38 5
L 42 5918 2546
D 41 5917 2 23 42 25 28
D 40 5915 2 18 41 26 28
D 16 5919 2 17 29 40 5
L 44 5878 -454
D 43 5877 2 15 44 13 5
D 47 5917 2 23 42 25 5
D 46 5915 2 18 47 26 5
L 50 5926 -2550
D 49 5925 2 35 50 37 5
D 48 5923 2 30 49 38 5
D 52 5917 2 23 24 25 28
D 51 5915 2 18 52 26 28
D 45 5919 2 46 48 51 5
D 53 5877 2 13 44 15 14
D 11 5879 3 12 16 43 45 53 5
L 55 70 -460
D 54 69 2 10 55 8 5
D 59 5925 2 37 50 35 5
D 58 5923 2 30 59 38 5
D 57 5919 2 17 58 40 5
D 62 5917 2 25 24 23 5
D 61 5915 2 18 62 26 5
D 64 5917 2 25 42 23 28
D 63 5915 2 18 64 26 28
D 60 5919 2 61 48 63 5
D 56 5879 3 12 57 43 60 53 5
D 65 69 2 8 55 10 9
D 6 71 3 7 11 54 56 65 5
L 67 26 -786
D 66 25 2 4 67 2 5
D 72 5921 2 31 39 33 5
D 73 5921 2 31 32 33 28
D 71 5923 2 72 49 73 5
D 70 5919 2 17 71 40 5
D 76 5913 2 19 27 21 5
D 77 5913 2 19 20 21 28
D 75 5915 2 76 22 77 5
D 78 5915 2 76 41 77 28
D 74 5919 2 75 48 78 5
D 69 5879 3 12 70 43 74 53 5
D 82 5921 2 33 32 31 5
D 83 5921 2 33 39 31 28
D 81 5923 2 82 49 83 5
D 80 5919 2 17 81 40 5
D 86 5913 2 21 20 19 5
D 87 5913 2 21 27 19 28
D 85 5915 2 86 22 87 5
D 88 5915 2 86 41 87 28
D 84 5919 2 85 48 88 5
D 79 5879 3 12 80 43 84 53 5
D 68 71 3 7 69 54 79 65 5
D 89 25 2 2 67 4 3
D 0 27 3 1 6 66 68 89 5
