c ids of sdd nodes start at 0
c sdd nodes appear bottom-up, children before parents
c
c file syntax:
c sdd count-of-sdd-nodes
c F id-of-false-sdd-node
c T id-of-true-sdd-node
c L id-of-literal-sdd-node id-of-vtree literal
c D id-of-decomposition-sdd-node id-of-vtree number-of-elements {id-of-prime id-of-sub}*
c
sdd 90
L 2 1484 -517
L 3 1486 518
L 4 1484 517
F 5
D 1 1485 2 2 3 4 5
L 8 1540 -45
L 9 1542 46
L 10 1540 45
D 7 1541 2 8 9 10 5
L 13 1612 -51
L 14 1614 52
L 15 1612 51
D 12 1613 2 13 14 15 5
L 19 1616 -977
L 20 1618 -978
L 21 1616 977
D 18 1617 2 19 20 21 5
L 23 1620 -979
L 24 1622 -980
L 25 1620 979
D 22 1621 2 23 24 25 5
L 27 1618 978
T 28
D 26 1617 2 19 27 21 28
D 17 1619 2 18 22 26 5
L 31 1624 -981
L 32 1626 -982
L 33 1624 981
D 30 1625 2 31 32 33 5
L 35 1628 -983
L 36 1630 984
L 37 1628 983
D 34 1629 2 35 36 37 5
L 39 1626 982
D 38 1625 2 31 39 33 28
D 29 1627 2 30 34 38 5
L 42 1622 980
D 41 1621 2 23 42 25 28
D 40 1619 2 18 41 26 28
D 16 1623 2 17 29 40 5
L 44 1614 -52
D 43 1613 2 15 44 13 5
D 47 1621 2 23 42 25 5
D 46 1619 2 18 47 26 5
L 50 1630 -984
D 49 1629 2 35 50 37 5
D 48 1627 2 30 49 38 5
D 52 1621 2 23 24 25 28
D 51 1619 2 18 52 26 28
D 45 1623 2 46 48 51 5
D 53 1613 2 13 44 15 14
D 11 1615 3 12 16 43 45 53 5
L 55 1542 -46
D 54 1541 2 10 55 8 5
D 59 1629 2 37 50 35 5
D 58 1627 2 30 59 38 5
D 57 1623 2 17 58 40 5
D 62 1621 2 25 24 23 5
D 61 1619 2 18 62 26 5
D 64 1621 2 25 42 23 28
D 63 1619 2 18 64 26 28
D 60 1623 2 61 48 63 5
D 56 1615 3 12 57 43 60 53 5
D 65 1541 2 8 55 10 9
D 6 1543 3 7 11 54 56 65 5
L 67 1486 -518
D 66 1485 2 4 67 2 5
D 72 1625 2 31 39 33 5
D 73 1625 2 31 32 33 28
D 71 1627 2 72 49 73 5
D 70 1623 2 17 71 40 5
D 76 1617 2 19 27 21 5
D 77 1617 2 19 20 21 28
D 75 1619 2 76 22 77 5
D 78 1619 2 76 41 77 28
D 74 1623 2 75 48 78 5
D 69 1615 3 12 70 43 74 53 5
D 82 1625 2 33 32 31 5
D 83 1625 2 33 39 31 28
D 81 1627 2 82 49 83 5
D 80 1623 2 17 81 40 5
D 86 1617 2 21 20 19 5
D 87 1617 2 21 27 19 28
D 85 1619 2 86 22 87 5
D 88 1619 2 86 41 87 28
D 84 1623 2 85 48 88 5
D 79 1615 3 12 80 43 84 53 5
D 68 1543 3 7 69 54 79 65 5
D 89 1485 2 2 67 4 3
D 0 1487 3 1 6 66 68 89 5
