c ids of sdd nodes start at 0
c sdd nodes appear bottom-up, children before parents
c
c file syntax:
c sdd count-of-sdd-nodes
c F id-of-false-sdd-node
c T id-of-true-sdd-node
c L id-of-literal-sdd-node id-of-vtree literal
c D id-of-decomposition-sdd-node id-of-vtree number-of-elements {id-of-prime id-of-sub}*
c
sdd 90
L 2 1020 -347
L 3 1022 348
L 4 1020 347
F 5
D 1 1021 2 2 3 4 5
L 8 1076 -461
L 9 1078 462
L 10 1076 461
D 7 1077 2 8 9 10 5
L 13 1204 -791
L 14 1206 792
L 15 1204 791
D 12 1205 2 13 14 15 5
L 19 1208 -2551
L 20 1210 -2552
L 21 1208 2551
D 18 1209 2 19 20 21 5
L 23 1212 -2553
L 24 1214 -2554
L 25 1212 2553
D 22 1213 2 23 24 25 5
L 27 1210 2552
T 28
D 26 1209 2 19 27 21 28
D 17 1211 2 18 22 26 5
L 31 1216 -2555
L 32 1218 -2556
L 33 1216 2555
D 30 1217 2 31 32 33 5
L 35 1220 -2557
L 36 1222 2558
L 37 1220 2557
D 34 1221 2 35 36 37 5
L 39 1218 2556
D 38 1217 2 31 39 33 28
D 29 1219 2 30 34 38 5
L 42 1214 2554
D 41 1213 2 23 42 25 28
D 40 1211 2 18 41 26 28
D 16 1215 2 17 29 40 5
L 44 1206 -792
D 43 1205 2 15 44 13 5
D 47 1217 2 31 39 33 5
L 49 1222 -2558
D 48 1221 2 35 49 37 5
D 50 1217 2 31 32 33 28
D 46 1219 2 47 48 50 5
D 45 1215 2 17 46 40 5
D 51 1205 2 13 44 15 14
D 11 1207 3 12 16 43 45 51 5
L 53 1078 -462
D 52 1077 2 10 53 8 5
D 57 1221 2 37 49 35 5
D 56 1219 2 30 57 38 5
D 55 1215 2 17 56 40 5
D 60 1217 2 33 32 31 5
D 61 1217 2 33 39 31 28
D 59 1219 2 60 48 61 5
D 58 1215 2 17 59 40 5
D 54 1207 3 12 55 43 58 51 5
D 62 1077 2 8 53 10 9
D 6 1079 3 7 11 52 54 62 5
L 64 1022 -348
D 63 1021 2 4 64 2 5
D 69 1213 2 23 42 25 5
D 68 1211 2 18 69 26 5
D 70 1219 2 30 48 38 5
D 72 1213 2 23 24 25 28
D 71 1211 2 18 72 26 28
D 67 1215 2 68 70 71 5
D 75 1209 2 19 27 21 5
D 76 1209 2 19 20 21 28
D 74 1211 2 75 22 76 5
D 77 1211 2 75 41 76 28
D 73 1215 2 74 70 77 5
D 66 1207 3 12 67 43 73 51 5
D 81 1213 2 25 24 23 5
D 80 1211 2 18 81 26 5
D 83 1213 2 25 42 23 28
D 82 1211 2 18 83 26 28
D 79 1215 2 80 70 82 5
D 86 1209 2 21 20 19 5
D 87 1209 2 21 27 19 28
D 85 1211 2 86 22 87 5
D 88 1211 2 86 41 87 28
D 84 1215 2 85 70 88 5
D 78 1207 3 12 79 43 84 51 5
D 65 1079 3 7 66 52 78 62 5
D 89 1021 2 2 64 4 3
D 0 1023 3 1 6 63 65 89 5
