c ids of sdd nodes start at 0
c sdd nodes appear bottom-up, children before parents
c
c file syntax:
c sdd count-of-sdd-nodes
c F id-of-false-sdd-node
c T id-of-true-sdd-node
c L id-of-literal-sdd-node id-of-vtree literal
c D id-of-decomposition-sdd-node id-of-vtree number-of-elements {id-of-prime id-of-sub}*
c
sdd 90
L 2 4220 -463
L 3 4222 464
L 4 4220 463
F 5
D 1 4221 2 2 3 4 5
L 8 5040 -653
L 9 5042 654
L 10 5040 653
D 7 5041 2 8 9 10 5
L 13 5076 -345
L 14 5078 346
L 15 5076 345
D 12 5077 2 13 14 15 5
L 19 5096 -2559
L 20 5098 -2560
L 21 5096 2559
D 18 5097 2 19 20 21 5
L 23 5100 -2561
L 24 5102 -2562
L 25 5100 2561
D 22 5101 2 23 24 25 5
L 27 5098 2560
T 28
D 26 5097 2 19 27 21 28
D 17 5099 2 18 22 26 5
L 31 5104 -2563
L 32 5106 -2564
L 33 5104 2563
D 30 5105 2 31 32 33 5
L 35 5108 -2565
L 36 5110 2566
L 37 5108 2565
D 34 5109 2 35 36 37 5
L 39 5106 2564
D 38 5105 2 31 39 33 28
D 29 5107 2 30 34 38 5
L 42 5102 2562
D 41 5101 2 23 42 25 28
D 40 5099 2 18 41 26 28
D 16 5103 2 17 29 40 5
L 44 5078 -346
D 43 5077 2 15 44 13 5
D 47 5101 2 23 42 25 5
D 46 5099 2 18 47 26 5
L 50 5110 -2566
D 49 5109 2 35 50 37 5
D 48 5107 2 30 49 38 5
D 52 5101 2 23 24 25 28
D 51 5099 2 18 52 26 28
D 45 5103 2 46 48 51 5
D 53 5077 2 13 44 15 14
D 11 5079 3 12 16 43 45 53 5
L 55 5042 -654
D 54 5041 2 10 55 8 5
D 59 5105 2 31 39 33 5
D 60 5105 2 31 32 33 28
D 58 5107 2 59 49 60 5
D 57 5103 2 17 58 40 5
D 63 5097 2 19 27 21 5
D 64 5097 2 19 20 21 28
D 62 5099 2 63 22 64 5
D 65 5099 2 63 41 64 28
D 61 5103 2 62 48 65 5
D 56 5079 3 12 57 43 61 53 5
D 66 5041 2 8 55 10 9
D 6 5043 3 7 11 54 56 66 5
L 68 4222 -464
D 67 4221 2 4 68 2 5
D 73 5109 2 37 50 35 5
D 72 5107 2 30 73 38 5
D 71 5103 2 17 72 40 5
D 76 5101 2 25 24 23 5
D 75 5099 2 18 76 26 5
D 78 5101 2 25 42 23 28
D 77 5099 2 18 78 26 28
D 74 5103 2 75 48 77 5
D 70 5079 3 12 71 43 74 53 5
D 82 5105 2 33 32 31 5
D 83 5105 2 33 39 31 28
D 81 5107 2 82 49 83 5
D 80 5103 2 17 81 40 5
D 86 5097 2 21 20 19 5
D 87 5097 2 21 27 19 28
D 85 5099 2 86 22 87 5
D 88 5099 2 86 41 87 28
D 84 5103 2 85 48 88 5
D 79 5079 3 12 80 43 84 53 5
D 69 5043 3 7 70 54 79 66 5
D 89 4221 2 2 68 4 3
D 0 4223 3 1 6 67 69 89 5
