c ids of sdd nodes start at 0
c sdd nodes appear bottom-up, children before parents
c
c file syntax:
c sdd count-of-sdd-nodes
c F id-of-false-sdd-node
c T id-of-true-sdd-node
c L id-of-literal-sdd-node id-of-vtree literal
c D id-of-decomposition-sdd-node id-of-vtree number-of-elements {id-of-prime id-of-sub}*
c
sdd 90
L 2 124 -795
L 3 126 796
L 4 124 795
F 5
D 1 125 2 2 3 4 5
L 8 140 -465
L 9 142 466
L 10 140 465
D 7 141 2 8 9 10 5
L 13 1152 -467
L 14 1154 468
L 15 1152 467
D 12 1153 2 13 14 15 5
L 19 1172 -2567
L 20 1174 -2568
L 21 1172 2567
D 18 1173 2 19 20 21 5
L 23 1176 -2569
L 24 1178 -2570
L 25 1176 2569
D 22 1177 2 23 24 25 5
L 27 1174 2568
T 28
D 26 1173 2 19 27 21 28
D 17 1175 2 18 22 26 5
L 31 1180 -2571
L 32 1182 -2572
L 33 1180 2571
D 30 1181 2 31 32 33 5
L 35 1184 -2573
L 36 1186 2574
L 37 1184 2573
D 34 1185 2 35 36 37 5
L 39 1182 2572
D 38 1181 2 31 39 33 28
D 29 1183 2 30 34 38 5
L 42 1178 2570
D 41 1177 2 23 42 25 28
D 40 1175 2 18 41 26 28
D 16 1179 2 17 29 40 5
L 44 1154 -468
D 43 1153 2 15 44 13 5
D 47 1177 2 23 42 25 5
D 46 1175 2 18 47 26 5
L 50 1186 -2574
D 49 1185 2 35 50 37 5
D 48 1183 2 30 49 38 5
D 52 1177 2 23 24 25 28
D 51 1175 2 18 52 26 28
D 45 1179 2 46 48 51 5
D 53 1153 2 13 44 15 14
D 11 1155 3 12 16 43 45 53 5
L 55 142 -466
D 54 141 2 10 55 8 5
D 59 1185 2 37 50 35 5
D 58 1183 2 30 59 38 5
D 57 1179 2 17 58 40 5
D 62 1177 2 25 24 23 5
D 61 1175 2 18 62 26 5
D 64 1177 2 25 42 23 28
D 63 1175 2 18 64 26 28
D 60 1179 2 61 48 63 5
D 56 1155 3 12 57 43 60 53 5
D 65 141 2 8 55 10 9
D 6 143 3 7 11 54 56 65 5
L 67 126 -796
D 66 125 2 4 67 2 5
D 72 1181 2 31 39 33 5
D 73 1181 2 31 32 33 28
D 71 1183 2 72 49 73 5
D 70 1179 2 17 71 40 5
D 76 1173 2 19 27 21 5
D 77 1173 2 19 20 21 28
D 75 1175 2 76 22 77 5
D 78 1175 2 76 41 77 28
D 74 1179 2 75 48 78 5
D 69 1155 3 12 70 43 74 53 5
D 82 1181 2 33 32 31 5
D 83 1181 2 33 39 31 28
D 81 1183 2 82 49 83 5
D 80 1179 2 17 81 40 5
D 86 1173 2 21 20 19 5
D 87 1173 2 21 27 19 28
D 85 1175 2 86 22 87 5
D 88 1175 2 86 41 87 28
D 84 1179 2 85 48 88 5
D 79 1155 3 12 80 43 84 53 5
D 68 143 3 7 69 54 79 65 5
D 89 125 2 2 67 4 3
D 0 127 3 1 6 66 68 89 5
