c ids of sdd nodes start at 0
c sdd nodes appear bottom-up, children before parents
c
c file syntax:
c sdd count-of-sdd-nodes
c F id-of-false-sdd-node
c T id-of-true-sdd-node
c L id-of-literal-sdd-node id-of-vtree literal
c D id-of-decomposition-sdd-node id-of-vtree number-of-elements {id-of-prime id-of-sub}*
c
sdd 90
L 2 1076 -461
L 3 1078 462
L 4 1076 461
F 5
D 1 1077 2 2 3 4 5
L 8 1132 -793
L 9 1134 794
L 10 1132 793
D 7 1133 2 8 9 10 5
L 13 1152 -467
L 14 1154 468
L 15 1152 467
D 12 1153 2 13 14 15 5
L 19 1188 -2575
L 20 1190 -2576
L 21 1188 2575
D 18 1189 2 19 20 21 5
L 23 1192 -2577
L 24 1194 -2578
L 25 1192 2577
D 22 1193 2 23 24 25 5
L 27 1190 2576
T 28
D 26 1189 2 19 27 21 28
D 17 1191 2 18 22 26 5
L 31 1196 -2579
L 32 1198 -2580
L 33 1196 2579
D 30 1197 2 31 32 33 5
L 35 1200 -2581
L 36 1202 2582
L 37 1200 2581
D 34 1201 2 35 36 37 5
L 39 1198 2580
D 38 1197 2 31 39 33 28
D 29 1199 2 30 34 38 5
L 42 1194 2578
D 41 1193 2 23 42 25 28
D 40 1191 2 18 41 26 28
D 16 1195 2 17 29 40 5
L 44 1154 -468
D 43 1153 2 15 44 13 5
L 48 1202 -2582
D 47 1201 2 37 48 35 5
D 46 1199 2 30 47 38 5
D 45 1195 2 17 46 40 5
D 49 1153 2 13 44 15 14
D 11 1155 3 12 16 43 45 49 5
L 51 1134 -794
D 50 1133 2 10 51 8 5
D 55 1197 2 31 39 33 5
D 56 1201 2 35 48 37 5
D 57 1197 2 31 32 33 28
D 54 1199 2 55 56 57 5
D 53 1195 2 17 54 40 5
D 60 1197 2 33 32 31 5
D 61 1197 2 33 39 31 28
D 59 1199 2 60 56 61 5
D 58 1195 2 17 59 40 5
D 52 1155 3 12 53 43 58 49 5
D 62 1133 2 8 51 10 9
D 6 1135 3 7 11 50 52 62 5
L 64 1078 -462
D 63 1077 2 4 64 2 5
D 69 1193 2 23 42 25 5
D 68 1191 2 18 69 26 5
D 70 1199 2 30 56 38 5
D 72 1193 2 23 24 25 28
D 71 1191 2 18 72 26 28
D 67 1195 2 68 70 71 5
D 75 1193 2 25 24 23 5
D 74 1191 2 18 75 26 5
D 77 1193 2 25 42 23 28
D 76 1191 2 18 77 26 28
D 73 1195 2 74 70 76 5
D 66 1155 3 12 67 43 73 49 5
D 81 1189 2 19 27 21 5
D 82 1189 2 19 20 21 28
D 80 1191 2 81 22 82 5
D 83 1191 2 81 41 82 28
D 79 1195 2 80 70 83 5
D 86 1189 2 21 20 19 5
D 87 1189 2 21 27 19 28
D 85 1191 2 86 22 87 5
D 88 1191 2 86 41 87 28
D 84 1195 2 85 70 88 5
D 78 1155 3 12 79 43 84 49 5
D 65 1135 3 7 66 50 78 62 5
D 89 1077 2 2 64 4 3
D 0 1079 3 1 6 63 65 89 5
