c ids of sdd nodes start at 0
c sdd nodes appear bottom-up, children before parents
c
c file syntax:
c sdd count-of-sdd-nodes
c F id-of-false-sdd-node
c T id-of-true-sdd-node
c L id-of-literal-sdd-node id-of-vtree literal
c D id-of-decomposition-sdd-node id-of-vtree number-of-elements {id-of-prime id-of-sub}*
c
sdd 90
L 2 3348 -677
L 3 3350 678
L 4 3348 677
F 5
D 1 3349 2 2 3 4 5
L 8 3360 -469
L 9 3362 470
L 10 3360 469
D 7 3361 2 8 9 10 5
L 13 3916 -475
L 14 3918 476
L 15 3916 475
D 12 3917 2 13 14 15 5
L 19 3920 -2583
L 20 3922 -2584
L 21 3920 2583
D 18 3921 2 19 20 21 5
L 23 3924 -2585
L 24 3926 -2586
L 25 3924 2585
D 22 3925 2 23 24 25 5
L 27 3922 2584
T 28
D 26 3921 2 19 27 21 28
D 17 3923 2 18 22 26 5
L 31 3928 -2587
L 32 3930 -2588
L 33 3928 2587
D 30 3929 2 31 32 33 5
L 35 3932 -2589
L 36 3934 2590
L 37 3932 2589
D 34 3933 2 35 36 37 5
L 39 3930 2588
D 38 3929 2 31 39 33 28
D 29 3931 2 30 34 38 5
L 42 3926 2586
D 41 3925 2 23 42 25 28
D 40 3923 2 18 41 26 28
D 16 3927 2 17 29 40 5
L 44 3918 -476
D 43 3917 2 15 44 13 5
D 47 3925 2 23 42 25 5
D 46 3923 2 18 47 26 5
L 50 3934 -2590
D 49 3933 2 35 50 37 5
D 48 3931 2 30 49 38 5
D 52 3925 2 23 24 25 28
D 51 3923 2 18 52 26 28
D 45 3927 2 46 48 51 5
D 53 3917 2 13 44 15 14
D 11 3919 3 12 16 43 45 53 5
L 55 3362 -470
D 54 3361 2 10 55 8 5
D 59 3933 2 37 50 35 5
D 58 3931 2 30 59 38 5
D 57 3927 2 17 58 40 5
D 62 3925 2 25 24 23 5
D 61 3923 2 18 62 26 5
D 64 3925 2 25 42 23 28
D 63 3923 2 18 64 26 28
D 60 3927 2 61 48 63 5
D 56 3919 3 12 57 43 60 53 5
D 65 3361 2 8 55 10 9
D 6 3363 3 7 11 54 56 65 5
L 67 3350 -678
D 66 3349 2 4 67 2 5
D 72 3929 2 31 39 33 5
D 73 3929 2 31 32 33 28
D 71 3931 2 72 49 73 5
D 70 3927 2 17 71 40 5
D 76 3921 2 19 27 21 5
D 77 3921 2 19 20 21 28
D 75 3923 2 76 22 77 5
D 78 3923 2 76 41 77 28
D 74 3927 2 75 48 78 5
D 69 3919 3 12 70 43 74 53 5
D 82 3929 2 33 32 31 5
D 83 3929 2 33 39 31 28
D 81 3931 2 82 49 83 5
D 80 3927 2 17 81 40 5
D 86 3921 2 21 20 19 5
D 87 3921 2 21 27 19 28
D 85 3923 2 86 22 87 5
D 88 3923 2 86 41 87 28
D 84 3927 2 85 48 88 5
D 79 3919 3 12 80 43 84 53 5
D 68 3363 3 7 69 54 79 65 5
D 89 3349 2 2 67 4 3
D 0 3351 3 1 6 66 68 89 5
