c ids of sdd nodes start at 0
c sdd nodes appear bottom-up, children before parents
c
c file syntax:
c sdd count-of-sdd-nodes
c F id-of-false-sdd-node
c T id-of-true-sdd-node
c L id-of-literal-sdd-node id-of-vtree literal
c D id-of-decomposition-sdd-node id-of-vtree number-of-elements {id-of-prime id-of-sub}*
c
sdd 90
L 2 3360 -469
L 3 3362 470
L 4 3360 469
F 5
D 1 3361 2 2 3 4 5
L 8 3384 -471
L 9 3386 472
L 10 3384 471
D 7 3385 2 8 9 10 5
L 13 3576 -675
L 14 3578 676
L 15 3576 675
D 12 3577 2 13 14 15 5
L 19 3580 -2591
L 20 3582 -2592
L 21 3580 2591
D 18 3581 2 19 20 21 5
L 23 3584 -2593
L 24 3586 -2594
L 25 3584 2593
D 22 3585 2 23 24 25 5
L 27 3582 2592
T 28
D 26 3581 2 19 27 21 28
D 17 3583 2 18 22 26 5
L 31 3588 -2595
L 32 3590 -2596
L 33 3588 2595
D 30 3589 2 31 32 33 5
L 35 3592 -2597
L 36 3594 2598
L 37 3592 2597
D 34 3593 2 35 36 37 5
L 39 3590 2596
D 38 3589 2 31 39 33 28
D 29 3591 2 30 34 38 5
L 42 3586 2594
D 41 3585 2 23 42 25 28
D 40 3583 2 18 41 26 28
D 16 3587 2 17 29 40 5
L 44 3578 -676
D 43 3577 2 15 44 13 5
D 47 3589 2 31 39 33 5
L 49 3594 -2598
D 48 3593 2 35 49 37 5
D 50 3589 2 31 32 33 28
D 46 3591 2 47 48 50 5
D 45 3587 2 17 46 40 5
D 51 3577 2 13 44 15 14
D 11 3579 3 12 16 43 45 51 5
L 53 3386 -472
D 52 3385 2 10 53 8 5
D 57 3593 2 37 49 35 5
D 56 3591 2 30 57 38 5
D 55 3587 2 17 56 40 5
D 60 3589 2 33 32 31 5
D 61 3589 2 33 39 31 28
D 59 3591 2 60 48 61 5
D 58 3587 2 17 59 40 5
D 54 3579 3 12 55 43 58 51 5
D 62 3385 2 8 53 10 9
D 6 3387 3 7 11 52 54 62 5
L 64 3362 -470
D 63 3361 2 4 64 2 5
D 69 3585 2 23 42 25 5
D 68 3583 2 18 69 26 5
D 70 3591 2 30 48 38 5
D 72 3585 2 23 24 25 28
D 71 3583 2 18 72 26 28
D 67 3587 2 68 70 71 5
D 75 3581 2 19 27 21 5
D 76 3581 2 19 20 21 28
D 74 3583 2 75 22 76 5
D 77 3583 2 75 41 76 28
D 73 3587 2 74 70 77 5
D 66 3579 3 12 67 43 73 51 5
D 81 3585 2 25 24 23 5
D 80 3583 2 18 81 26 5
D 83 3585 2 25 42 23 28
D 82 3583 2 18 83 26 28
D 79 3587 2 80 70 82 5
D 86 3581 2 21 20 19 5
D 87 3581 2 21 27 19 28
D 85 3583 2 86 22 87 5
D 88 3583 2 86 41 87 28
D 84 3587 2 85 70 88 5
D 78 3579 3 12 79 43 84 51 5
D 65 3387 3 7 66 52 78 62 5
D 89 3361 2 2 64 4 3
D 0 3363 3 1 6 63 65 89 5
