c ids of sdd nodes start at 0
c sdd nodes appear bottom-up, children before parents
c
c file syntax:
c sdd count-of-sdd-nodes
c F id-of-false-sdd-node
c T id-of-true-sdd-node
c L id-of-literal-sdd-node id-of-vtree literal
c D id-of-decomposition-sdd-node id-of-vtree number-of-elements {id-of-prime id-of-sub}*
c
sdd 90
L 2 3328 -681
L 3 3330 682
L 4 3328 681
F 5
D 1 3329 2 2 3 4 5
L 8 3912 -473
L 9 3914 474
L 10 3912 473
D 7 3913 2 8 9 10 5
L 13 3988 -479
L 14 3990 480
L 15 3988 479
D 12 3989 2 13 14 15 5
L 19 3992 -2599
L 20 3994 -2600
L 21 3992 2599
D 18 3993 2 19 20 21 5
L 23 3996 -2601
L 24 3998 -2602
L 25 3996 2601
D 22 3997 2 23 24 25 5
L 27 3994 2600
T 28
D 26 3993 2 19 27 21 28
D 17 3995 2 18 22 26 5
L 31 4000 -2603
L 32 4002 -2604
L 33 4000 2603
D 30 4001 2 31 32 33 5
L 35 4004 -2605
L 36 4006 2606
L 37 4004 2605
D 34 4005 2 35 36 37 5
L 39 4002 2604
D 38 4001 2 31 39 33 28
D 29 4003 2 30 34 38 5
L 42 3998 2602
D 41 3997 2 23 42 25 28
D 40 3995 2 18 41 26 28
D 16 3999 2 17 29 40 5
L 44 3990 -480
D 43 3989 2 15 44 13 5
D 47 3997 2 23 42 25 5
D 46 3995 2 18 47 26 5
L 50 4006 -2606
D 49 4005 2 35 50 37 5
D 48 4003 2 30 49 38 5
D 52 3997 2 23 24 25 28
D 51 3995 2 18 52 26 28
D 45 3999 2 46 48 51 5
D 53 3989 2 13 44 15 14
D 11 3991 3 12 16 43 45 53 5
L 55 3914 -474
D 54 3913 2 10 55 8 5
D 59 4005 2 37 50 35 5
D 58 4003 2 30 59 38 5
D 57 3999 2 17 58 40 5
D 62 3997 2 25 24 23 5
D 61 3995 2 18 62 26 5
D 64 3997 2 25 42 23 28
D 63 3995 2 18 64 26 28
D 60 3999 2 61 48 63 5
D 56 3991 3 12 57 43 60 53 5
D 65 3913 2 8 55 10 9
D 6 3915 3 7 11 54 56 65 5
L 67 3330 -682
D 66 3329 2 4 67 2 5
D 72 4001 2 31 39 33 5
D 73 4001 2 31 32 33 28
D 71 4003 2 72 49 73 5
D 70 3999 2 17 71 40 5
D 76 3993 2 19 27 21 5
D 77 3993 2 19 20 21 28
D 75 3995 2 76 22 77 5
D 78 3995 2 76 41 77 28
D 74 3999 2 75 48 78 5
D 69 3991 3 12 70 43 74 53 5
D 82 4001 2 33 32 31 5
D 83 4001 2 33 39 31 28
D 81 4003 2 82 49 83 5
D 80 3999 2 17 81 40 5
D 86 3993 2 21 20 19 5
D 87 3993 2 21 27 19 28
D 85 3995 2 86 22 87 5
D 88 3995 2 86 41 87 28
D 84 3999 2 85 48 88 5
D 79 3991 3 12 80 43 84 53 5
D 68 3915 3 7 69 54 79 65 5
D 89 3329 2 2 67 4 3
D 0 3331 3 1 6 66 68 89 5
