c ids of sdd nodes start at 0
c sdd nodes appear bottom-up, children before parents
c
c file syntax:
c sdd count-of-sdd-nodes
c F id-of-false-sdd-node
c T id-of-true-sdd-node
c L id-of-literal-sdd-node id-of-vtree literal
c D id-of-decomposition-sdd-node id-of-vtree number-of-elements {id-of-prime id-of-sub}*
c
sdd 90
L 2 3352 -679
L 3 3354 680
L 4 3352 679
F 5
D 1 3353 2 2 3 4 5
L 8 3912 -473
L 9 3914 474
L 10 3912 473
D 7 3913 2 8 9 10 5
L 13 3916 -475
L 14 3918 476
L 15 3916 475
D 12 3917 2 13 14 15 5
L 19 3936 -2607
L 20 3938 -2608
L 21 3936 2607
D 18 3937 2 19 20 21 5
L 23 3940 -2609
L 24 3942 -2610
L 25 3940 2609
D 22 3941 2 23 24 25 5
L 27 3938 2608
T 28
D 26 3937 2 19 27 21 28
D 17 3939 2 18 22 26 5
L 31 3944 -2611
L 32 3946 -2612
L 33 3944 2611
D 30 3945 2 31 32 33 5
L 35 3948 -2613
L 36 3950 2614
L 37 3948 2613
D 34 3949 2 35 36 37 5
L 39 3946 2612
D 38 3945 2 31 39 33 28
D 29 3947 2 30 34 38 5
L 42 3942 2610
D 41 3941 2 23 42 25 28
D 40 3939 2 18 41 26 28
D 16 3943 2 17 29 40 5
L 44 3918 -476
D 43 3917 2 15 44 13 5
L 48 3950 -2614
D 47 3949 2 37 48 35 5
D 46 3947 2 30 47 38 5
D 45 3943 2 17 46 40 5
D 49 3917 2 13 44 15 14
D 11 3919 3 12 16 43 45 49 5
L 51 3914 -474
D 50 3913 2 10 51 8 5
D 55 3941 2 23 42 25 5
D 54 3939 2 18 55 26 5
D 57 3949 2 35 48 37 5
D 56 3947 2 30 57 38 5
D 59 3941 2 23 24 25 28
D 58 3939 2 18 59 26 28
D 53 3943 2 54 56 58 5
D 62 3941 2 25 24 23 5
D 61 3939 2 18 62 26 5
D 64 3941 2 25 42 23 28
D 63 3939 2 18 64 26 28
D 60 3943 2 61 56 63 5
D 52 3919 3 12 53 43 60 49 5
D 65 3913 2 8 51 10 9
D 6 3915 3 7 11 50 52 65 5
L 67 3354 -680
D 66 3353 2 4 67 2 5
D 72 3945 2 31 39 33 5
D 73 3945 2 31 32 33 28
D 71 3947 2 72 57 73 5
D 70 3943 2 17 71 40 5
D 76 3945 2 33 32 31 5
D 77 3945 2 33 39 31 28
D 75 3947 2 76 57 77 5
D 74 3943 2 17 75 40 5
D 69 3919 3 12 70 43 74 49 5
D 81 3937 2 19 27 21 5
D 82 3937 2 19 20 21 28
D 80 3939 2 81 22 82 5
D 83 3939 2 81 41 82 28
D 79 3943 2 80 56 83 5
D 86 3937 2 21 20 19 5
D 87 3937 2 21 27 19 28
D 85 3939 2 86 22 87 5
D 88 3939 2 86 41 87 28
D 84 3943 2 85 56 88 5
D 78 3919 3 12 79 43 84 49 5
D 68 3915 3 7 69 50 78 65 5
D 89 3353 2 2 67 4 3
D 0 3355 3 1 6 66 68 89 5
