c ids of sdd nodes start at 0
c sdd nodes appear bottom-up, children before parents
c
c file syntax:
c sdd count-of-sdd-nodes
c F id-of-false-sdd-node
c T id-of-true-sdd-node
c L id-of-literal-sdd-node id-of-vtree literal
c D id-of-decomposition-sdd-node id-of-vtree number-of-elements {id-of-prime id-of-sub}*
c
sdd 90
L 2 3336 -477
L 3 3338 478
L 4 3336 477
F 5
D 1 3337 2 2 3 4 5
L 8 5500 -685
L 9 5502 686
L 10 5500 685
D 7 5501 2 8 9 10 5
L 13 5520 -481
L 14 5522 482
L 15 5520 481
D 12 5521 2 13 14 15 5
L 19 5524 -2615
L 20 5526 -2616
L 21 5524 2615
D 18 5525 2 19 20 21 5
L 23 5528 -2617
L 24 5530 -2618
L 25 5528 2617
D 22 5529 2 23 24 25 5
L 27 5526 2616
T 28
D 26 5525 2 19 27 21 28
D 17 5527 2 18 22 26 5
L 31 5532 -2619
L 32 5534 -2620
L 33 5532 2619
D 30 5533 2 31 32 33 5
L 35 5536 -2621
L 36 5538 2622
L 37 5536 2621
D 34 5537 2 35 36 37 5
L 39 5534 2620
D 38 5533 2 31 39 33 28
D 29 5535 2 30 34 38 5
L 42 5530 2618
D 41 5529 2 23 42 25 28
D 40 5527 2 18 41 26 28
D 16 5531 2 17 29 40 5
L 44 5522 -482
D 43 5521 2 15 44 13 5
D 47 5529 2 23 42 25 5
D 46 5527 2 18 47 26 5
L 50 5538 -2622
D 49 5537 2 35 50 37 5
D 48 5535 2 30 49 38 5
D 52 5529 2 23 24 25 28
D 51 5527 2 18 52 26 28
D 45 5531 2 46 48 51 5
D 53 5521 2 13 44 15 14
D 11 5523 3 12 16 43 45 53 5
L 55 5502 -686
D 54 5501 2 10 55 8 5
D 59 5533 2 31 39 33 5
D 60 5533 2 31 32 33 28
D 58 5535 2 59 49 60 5
D 57 5531 2 17 58 40 5
D 63 5525 2 19 27 21 5
D 64 5525 2 19 20 21 28
D 62 5527 2 63 22 64 5
D 65 5527 2 63 41 64 28
D 61 5531 2 62 48 65 5
D 56 5523 3 12 57 43 61 53 5
D 66 5501 2 8 55 10 9
D 6 5503 3 7 11 54 56 66 5
L 68 3338 -478
D 67 3337 2 4 68 2 5
D 73 5537 2 37 50 35 5
D 72 5535 2 30 73 38 5
D 71 5531 2 17 72 40 5
D 76 5529 2 25 24 23 5
D 75 5527 2 18 76 26 5
D 78 5529 2 25 42 23 28
D 77 5527 2 18 78 26 28
D 74 5531 2 75 48 77 5
D 70 5523 3 12 71 43 74 53 5
D 82 5533 2 33 32 31 5
D 83 5533 2 33 39 31 28
D 81 5535 2 82 49 83 5
D 80 5531 2 17 81 40 5
D 86 5525 2 21 20 19 5
D 87 5525 2 21 27 19 28
D 85 5527 2 86 22 87 5
D 88 5527 2 86 41 87 28
D 84 5531 2 85 48 88 5
D 79 5523 3 12 80 43 84 53 5
D 69 5503 3 7 70 54 79 66 5
D 89 3337 2 2 68 4 3
D 0 3339 3 1 6 67 69 89 5
