c ids of sdd nodes start at 0
c sdd nodes appear bottom-up, children before parents
c
c file syntax:
c sdd count-of-sdd-nodes
c F id-of-false-sdd-node
c T id-of-true-sdd-node
c L id-of-literal-sdd-node id-of-vtree literal
c D id-of-decomposition-sdd-node id-of-vtree number-of-elements {id-of-prime id-of-sub}*
c
sdd 90
L 2 4 -683
L 3 6 684
L 4 4 683
F 5
D 1 5 2 2 3 4 5
L 8 3336 -477
L 9 3338 478
L 10 3336 477
D 7 3337 2 8 9 10 5
L 13 3988 -479
L 14 3990 480
L 15 3988 479
D 12 3989 2 13 14 15 5
L 19 4008 -2623
L 20 4010 -2624
L 21 4008 2623
D 18 4009 2 19 20 21 5
L 23 4012 -2625
L 24 4014 -2626
L 25 4012 2625
D 22 4013 2 23 24 25 5
L 27 4010 2624
T 28
D 26 4009 2 19 27 21 28
D 17 4011 2 18 22 26 5
L 31 4016 -2627
L 32 4018 -2628
L 33 4016 2627
D 30 4017 2 31 32 33 5
L 35 4020 -2629
L 36 4022 2630
L 37 4020 2629
D 34 4021 2 35 36 37 5
L 39 4018 2628
D 38 4017 2 31 39 33 28
D 29 4019 2 30 34 38 5
L 42 4014 2626
D 41 4013 2 23 42 25 28
D 40 4011 2 18 41 26 28
D 16 4015 2 17 29 40 5
L 44 3990 -480
D 43 3989 2 15 44 13 5
L 48 4022 -2630
D 47 4021 2 37 48 35 5
D 46 4019 2 30 47 38 5
D 45 4015 2 17 46 40 5
D 49 3989 2 13 44 15 14
D 11 3991 3 12 16 43 45 49 5
L 51 3338 -478
D 50 3337 2 10 51 8 5
D 55 4013 2 23 42 25 5
D 54 4011 2 18 55 26 5
D 57 4021 2 35 48 37 5
D 56 4019 2 30 57 38 5
D 59 4013 2 23 24 25 28
D 58 4011 2 18 59 26 28
D 53 4015 2 54 56 58 5
D 62 4013 2 25 24 23 5
D 61 4011 2 18 62 26 5
D 64 4013 2 25 42 23 28
D 63 4011 2 18 64 26 28
D 60 4015 2 61 56 63 5
D 52 3991 3 12 53 43 60 49 5
D 65 3337 2 8 51 10 9
D 6 3339 3 7 11 50 52 65 5
L 67 6 -684
D 66 5 2 4 67 2 5
D 72 4017 2 31 39 33 5
D 73 4017 2 31 32 33 28
D 71 4019 2 72 57 73 5
D 70 4015 2 17 71 40 5
D 76 4017 2 33 32 31 5
D 77 4017 2 33 39 31 28
D 75 4019 2 76 57 77 5
D 74 4015 2 17 75 40 5
D 69 3991 3 12 70 43 74 49 5
D 81 4009 2 19 27 21 5
D 82 4009 2 19 20 21 28
D 80 4011 2 81 22 82 5
D 83 4011 2 81 41 82 28
D 79 4015 2 80 56 83 5
D 86 4009 2 21 20 19 5
D 87 4009 2 21 27 19 28
D 85 4011 2 86 22 87 5
D 88 4011 2 86 41 87 28
D 84 4015 2 85 56 88 5
D 78 3991 3 12 79 43 84 49 5
D 68 3339 3 7 69 50 78 65 5
D 89 5 2 2 67 4 3
D 0 7 3 1 6 66 68 89 5
