c ids of sdd nodes start at 0
c sdd nodes appear bottom-up, children before parents
c
c file syntax:
c sdd count-of-sdd-nodes
c F id-of-false-sdd-node
c T id-of-true-sdd-node
c L id-of-literal-sdd-node id-of-vtree literal
c D id-of-decomposition-sdd-node id-of-vtree number-of-elements {id-of-prime id-of-sub}*
c
sdd 90
L 2 3384 -471
L 3 3386 472
L 4 3384 471
F 5
D 1 3385 2 2 3 4 5
L 8 3388 -483
L 9 3390 484
L 10 3388 483
D 7 3389 2 8 9 10 5
L 13 3468 -673
L 14 3470 674
L 15 3468 673
D 12 3469 2 13 14 15 5
L 19 3472 -2635
L 20 3474 -2636
L 21 3472 2635
D 18 3473 2 19 20 21 5
L 23 3476 -2637
L 24 3478 -2638
L 25 3476 2637
D 22 3477 2 23 24 25 5
L 27 3474 2636
T 28
D 26 3473 2 19 27 21 28
D 17 3475 2 18 22 26 5
L 31 3480 -2639
L 32 3482 -2640
L 33 3480 2639
D 30 3481 2 31 32 33 5
L 35 3484 -2641
L 36 3486 2642
L 37 3484 2641
D 34 3485 2 35 36 37 5
L 39 3482 2640
D 38 3481 2 31 39 33 28
D 29 3483 2 30 34 38 5
L 42 3478 2638
D 41 3477 2 23 42 25 28
D 40 3475 2 18 41 26 28
D 16 3479 2 17 29 40 5
L 44 3470 -674
D 43 3469 2 15 44 13 5
D 47 3481 2 31 39 33 5
L 49 3486 -2642
D 48 3485 2 35 49 37 5
D 50 3481 2 31 32 33 28
D 46 3483 2 47 48 50 5
D 45 3479 2 17 46 40 5
D 51 3469 2 13 44 15 14
D 11 3471 3 12 16 43 45 51 5
L 53 3390 -484
D 52 3389 2 10 53 8 5
D 57 3485 2 37 49 35 5
D 56 3483 2 30 57 38 5
D 55 3479 2 17 56 40 5
D 60 3481 2 33 32 31 5
D 61 3481 2 33 39 31 28
D 59 3483 2 60 48 61 5
D 58 3479 2 17 59 40 5
D 54 3471 3 12 55 43 58 51 5
D 62 3389 2 8 53 10 9
D 6 3391 3 7 11 52 54 62 5
L 64 3386 -472
D 63 3385 2 4 64 2 5
D 69 3477 2 23 42 25 5
D 68 3475 2 18 69 26 5
D 70 3483 2 30 48 38 5
D 72 3477 2 23 24 25 28
D 71 3475 2 18 72 26 28
D 67 3479 2 68 70 71 5
D 75 3473 2 19 27 21 5
D 76 3473 2 19 20 21 28
D 74 3475 2 75 22 76 5
D 77 3475 2 75 41 76 28
D 73 3479 2 74 70 77 5
D 66 3471 3 12 67 43 73 51 5
D 81 3477 2 25 24 23 5
D 80 3475 2 18 81 26 5
D 83 3477 2 25 42 23 28
D 82 3475 2 18 83 26 28
D 79 3479 2 80 70 82 5
D 86 3473 2 21 20 19 5
D 87 3473 2 21 27 19 28
D 85 3475 2 86 22 87 5
D 88 3475 2 86 41 87 28
D 84 3479 2 85 70 88 5
D 78 3471 3 12 79 43 84 51 5
D 65 3391 3 7 66 52 78 62 5
D 89 3385 2 2 64 4 3
D 0 3387 3 1 6 63 65 89 5
