c ids of sdd nodes start at 0
c sdd nodes appear bottom-up, children before parents
c
c file syntax:
c sdd count-of-sdd-nodes
c F id-of-false-sdd-node
c T id-of-true-sdd-node
c L id-of-literal-sdd-node id-of-vtree literal
c D id-of-decomposition-sdd-node id-of-vtree number-of-elements {id-of-prime id-of-sub}*
c
sdd 90
L 2 104 -489
L 3 106 490
L 4 104 489
F 5
D 1 105 2 2 3 4 5
L 8 120 -487
L 9 122 488
L 10 120 487
D 7 121 2 8 9 10 5
L 13 444 -543
L 14 446 544
L 15 444 543
D 12 445 2 13 14 15 5
L 19 448 -2651
L 20 450 -2652
L 21 448 2651
D 18 449 2 19 20 21 5
L 23 452 -2653
L 24 454 -2654
L 25 452 2653
D 22 453 2 23 24 25 5
L 27 450 2652
T 28
D 26 449 2 19 27 21 28
D 17 451 2 18 22 26 5
L 31 456 -2655
L 32 458 -2656
L 33 456 2655
D 30 457 2 31 32 33 5
L 35 460 -2657
L 36 462 2658
L 37 460 2657
D 34 461 2 35 36 37 5
L 39 458 2656
D 38 457 2 31 39 33 28
D 29 459 2 30 34 38 5
L 42 454 2654
D 41 453 2 23 42 25 28
D 40 451 2 18 41 26 28
D 16 455 2 17 29 40 5
L 44 446 -544
D 43 445 2 15 44 13 5
D 47 457 2 31 39 33 5
L 49 462 -2658
D 48 461 2 35 49 37 5
D 50 457 2 31 32 33 28
D 46 459 2 47 48 50 5
D 45 455 2 17 46 40 5
D 51 445 2 13 44 15 14
D 11 447 3 12 16 43 45 51 5
L 53 122 -488
D 52 121 2 10 53 8 5
D 57 461 2 37 49 35 5
D 56 459 2 30 57 38 5
D 55 455 2 17 56 40 5
D 60 457 2 33 32 31 5
D 61 457 2 33 39 31 28
D 59 459 2 60 48 61 5
D 58 455 2 17 59 40 5
D 54 447 3 12 55 43 58 51 5
D 62 121 2 8 53 10 9
D 6 123 3 7 11 52 54 62 5
L 64 106 -490
D 63 105 2 4 64 2 5
D 69 453 2 23 42 25 5
D 68 451 2 18 69 26 5
D 70 459 2 30 48 38 5
D 72 453 2 23 24 25 28
D 71 451 2 18 72 26 28
D 67 455 2 68 70 71 5
D 75 449 2 19 27 21 5
D 76 449 2 19 20 21 28
D 74 451 2 75 22 76 5
D 77 451 2 75 41 76 28
D 73 455 2 74 70 77 5
D 66 447 3 12 67 43 73 51 5
D 81 453 2 25 24 23 5
D 80 451 2 18 81 26 5
D 83 453 2 25 42 23 28
D 82 451 2 18 83 26 28
D 79 455 2 80 70 82 5
D 86 449 2 21 20 19 5
D 87 449 2 21 27 19 28
D 85 451 2 86 22 87 5
D 88 451 2 86 41 87 28
D 84 455 2 85 70 88 5
D 78 447 3 12 79 43 84 51 5
D 65 123 3 7 66 52 78 62 5
D 89 105 2 2 64 4 3
D 0 107 3 1 6 63 65 89 5
