c ids of sdd nodes start at 0
c sdd nodes appear bottom-up, children before parents
c
c file syntax:
c sdd count-of-sdd-nodes
c F id-of-false-sdd-node
c T id-of-true-sdd-node
c L id-of-literal-sdd-node id-of-vtree literal
c D id-of-decomposition-sdd-node id-of-vtree number-of-elements {id-of-prime id-of-sub}*
c
sdd 90
L 2 100 -541
L 3 102 542
L 4 100 541
F 5
D 1 101 2 2 3 4 5
L 8 104 -489
L 9 106 490
L 10 104 489
D 7 105 2 8 9 10 5
L 13 1560 -515
L 14 1562 516
L 15 1560 515
D 12 1561 2 13 14 15 5
L 19 1580 -2659
L 20 1582 -2660
L 21 1580 2659
D 18 1581 2 19 20 21 5
L 23 1584 -2661
L 24 1586 -2662
L 25 1584 2661
D 22 1585 2 23 24 25 5
L 27 1582 2660
T 28
D 26 1581 2 19 27 21 28
D 17 1583 2 18 22 26 5
L 31 1588 -2663
L 32 1590 -2664
L 33 1588 2663
D 30 1589 2 31 32 33 5
L 35 1592 -2665
L 36 1594 2666
L 37 1592 2665
D 34 1593 2 35 36 37 5
L 39 1590 2664
D 38 1589 2 31 39 33 28
D 29 1591 2 30 34 38 5
L 42 1586 2662
D 41 1585 2 23 42 25 28
D 40 1583 2 18 41 26 28
D 16 1587 2 17 29 40 5
L 44 1562 -516
D 43 1561 2 15 44 13 5
D 47 1585 2 23 42 25 5
D 46 1583 2 18 47 26 5
L 50 1594 -2666
D 49 1593 2 35 50 37 5
D 48 1591 2 30 49 38 5
D 52 1585 2 23 24 25 28
D 51 1583 2 18 52 26 28
D 45 1587 2 46 48 51 5
D 53 1561 2 13 44 15 14
D 11 1563 3 12 16 43 45 53 5
L 55 106 -490
D 54 105 2 10 55 8 5
D 59 1593 2 37 50 35 5
D 58 1591 2 30 59 38 5
D 57 1587 2 17 58 40 5
D 62 1585 2 25 24 23 5
D 61 1583 2 18 62 26 5
D 64 1585 2 25 42 23 28
D 63 1583 2 18 64 26 28
D 60 1587 2 61 48 63 5
D 56 1563 3 12 57 43 60 53 5
D 65 105 2 8 55 10 9
D 6 107 3 7 11 54 56 65 5
L 67 102 -542
D 66 101 2 4 67 2 5
D 72 1589 2 31 39 33 5
D 73 1589 2 31 32 33 28
D 71 1591 2 72 49 73 5
D 70 1587 2 17 71 40 5
D 76 1581 2 19 27 21 5
D 77 1581 2 19 20 21 28
D 75 1583 2 76 22 77 5
D 78 1583 2 76 41 77 28
D 74 1587 2 75 48 78 5
D 69 1563 3 12 70 43 74 53 5
D 82 1589 2 33 32 31 5
D 83 1589 2 33 39 31 28
D 81 1591 2 82 49 83 5
D 80 1587 2 17 81 40 5
D 86 1581 2 21 20 19 5
D 87 1581 2 21 27 19 28
D 85 1583 2 86 22 87 5
D 88 1583 2 86 41 87 28
D 84 1587 2 85 48 88 5
D 79 1563 3 12 80 43 84 53 5
D 68 107 3 7 69 54 79 65 5
D 89 101 2 2 67 4 3
D 0 103 3 1 6 66 68 89 5
