c ids of sdd nodes start at 0
c sdd nodes appear bottom-up, children before parents
c
c file syntax:
c sdd count-of-sdd-nodes
c F id-of-false-sdd-node
c T id-of-true-sdd-node
c L id-of-literal-sdd-node id-of-vtree literal
c D id-of-decomposition-sdd-node id-of-vtree number-of-elements {id-of-prime id-of-sub}*
c
sdd 90
L 2 2304 -495
L 3 2306 496
L 4 2304 495
F 5
D 1 2305 2 2 3 4 5
L 8 2400 -231
L 9 2402 232
L 10 2400 231
D 7 2401 2 8 9 10 5
L 13 2456 -501
L 14 2458 502
L 15 2456 501
D 12 2457 2 13 14 15 5
L 19 2460 -2683
L 20 2462 -2684
L 21 2460 2683
D 18 2461 2 19 20 21 5
L 23 2464 -2685
L 24 2466 -2686
L 25 2464 2685
D 22 2465 2 23 24 25 5
L 27 2462 2684
T 28
D 26 2461 2 19 27 21 28
D 17 2463 2 18 22 26 5
L 31 2468 -2687
L 32 2470 -2688
L 33 2468 2687
D 30 2469 2 31 32 33 5
L 35 2472 -2689
L 36 2474 2690
L 37 2472 2689
D 34 2473 2 35 36 37 5
L 39 2470 2688
D 38 2469 2 31 39 33 28
D 29 2471 2 30 34 38 5
L 42 2466 2686
D 41 2465 2 23 42 25 28
D 40 2463 2 18 41 26 28
D 16 2467 2 17 29 40 5
L 44 2458 -502
D 43 2457 2 15 44 13 5
D 47 2465 2 23 42 25 5
D 46 2463 2 18 47 26 5
L 50 2474 -2690
D 49 2473 2 35 50 37 5
D 48 2471 2 30 49 38 5
D 52 2465 2 23 24 25 28
D 51 2463 2 18 52 26 28
D 45 2467 2 46 48 51 5
D 53 2457 2 13 44 15 14
D 11 2459 3 12 16 43 45 53 5
L 55 2402 -232
D 54 2401 2 10 55 8 5
D 59 2469 2 31 39 33 5
D 60 2469 2 31 32 33 28
D 58 2471 2 59 49 60 5
D 57 2467 2 17 58 40 5
D 63 2461 2 19 27 21 5
D 64 2461 2 19 20 21 28
D 62 2463 2 63 22 64 5
D 65 2463 2 63 41 64 28
D 61 2467 2 62 48 65 5
D 56 2459 3 12 57 43 61 53 5
D 66 2401 2 8 55 10 9
D 6 2403 3 7 11 54 56 66 5
L 68 2306 -496
D 67 2305 2 4 68 2 5
D 73 2473 2 37 50 35 5
D 72 2471 2 30 73 38 5
D 71 2467 2 17 72 40 5
D 76 2465 2 25 24 23 5
D 75 2463 2 18 76 26 5
D 78 2465 2 25 42 23 28
D 77 2463 2 18 78 26 28
D 74 2467 2 75 48 77 5
D 70 2459 3 12 71 43 74 53 5
D 82 2469 2 33 32 31 5
D 83 2469 2 33 39 31 28
D 81 2471 2 82 49 83 5
D 80 2467 2 17 81 40 5
D 86 2461 2 21 20 19 5
D 87 2461 2 21 27 19 28
D 85 2463 2 86 22 87 5
D 88 2463 2 86 41 87 28
D 84 2467 2 85 48 88 5
D 79 2459 3 12 80 43 84 53 5
D 69 2403 3 7 70 54 79 66 5
D 89 2305 2 2 68 4 3
D 0 2307 3 1 6 67 69 89 5
