c ids of sdd nodes start at 0
c sdd nodes appear bottom-up, children before parents
c
c file syntax:
c sdd count-of-sdd-nodes
c F id-of-false-sdd-node
c T id-of-true-sdd-node
c L id-of-literal-sdd-node id-of-vtree literal
c D id-of-decomposition-sdd-node id-of-vtree number-of-elements {id-of-prime id-of-sub}*
c
sdd 90
L 2 2296 -229
L 3 2298 230
L 4 2296 229
F 5
D 1 2297 2 2 3 4 5
L 8 2304 -495
L 9 2306 496
L 10 2304 495
D 7 2305 2 8 9 10 5
L 13 2308 -497
L 14 2310 498
L 15 2308 497
D 12 2309 2 13 14 15 5
L 19 2328 -2691
L 20 2330 -2692
L 21 2328 2691
D 18 2329 2 19 20 21 5
L 23 2332 -2693
L 24 2334 -2694
L 25 2332 2693
D 22 2333 2 23 24 25 5
L 27 2330 2692
T 28
D 26 2329 2 19 27 21 28
D 17 2331 2 18 22 26 5
L 31 2336 -2695
L 32 2338 -2696
L 33 2336 2695
D 30 2337 2 31 32 33 5
L 35 2340 -2697
L 36 2342 2698
L 37 2340 2697
D 34 2341 2 35 36 37 5
L 39 2338 2696
D 38 2337 2 31 39 33 28
D 29 2339 2 30 34 38 5
L 42 2334 2694
D 41 2333 2 23 42 25 28
D 40 2331 2 18 41 26 28
D 16 2335 2 17 29 40 5
L 44 2310 -498
D 43 2309 2 15 44 13 5
L 48 2342 -2698
D 47 2341 2 37 48 35 5
D 46 2339 2 30 47 38 5
D 45 2335 2 17 46 40 5
D 49 2309 2 13 44 15 14
D 11 2311 3 12 16 43 45 49 5
L 51 2306 -496
D 50 2305 2 10 51 8 5
D 55 2333 2 23 42 25 5
D 54 2331 2 18 55 26 5
D 57 2341 2 35 48 37 5
D 56 2339 2 30 57 38 5
D 59 2333 2 23 24 25 28
D 58 2331 2 18 59 26 28
D 53 2335 2 54 56 58 5
D 62 2333 2 25 24 23 5
D 61 2331 2 18 62 26 5
D 64 2333 2 25 42 23 28
D 63 2331 2 18 64 26 28
D 60 2335 2 61 56 63 5
D 52 2311 3 12 53 43 60 49 5
D 65 2305 2 8 51 10 9
D 6 2307 3 7 11 50 52 65 5
L 67 2298 -230
D 66 2297 2 4 67 2 5
D 72 2337 2 31 39 33 5
D 73 2337 2 31 32 33 28
D 71 2339 2 72 57 73 5
D 70 2335 2 17 71 40 5
D 76 2337 2 33 32 31 5
D 77 2337 2 33 39 31 28
D 75 2339 2 76 57 77 5
D 74 2335 2 17 75 40 5
D 69 2311 3 12 70 43 74 49 5
D 81 2329 2 19 27 21 5
D 82 2329 2 19 20 21 28
D 80 2331 2 81 22 82 5
D 83 2331 2 81 41 82 28
D 79 2335 2 80 56 83 5
D 86 2329 2 21 20 19 5
D 87 2329 2 21 27 19 28
D 85 2331 2 86 22 87 5
D 88 2331 2 86 41 87 28
D 84 2335 2 85 56 88 5
D 78 2311 3 12 79 43 84 49 5
D 68 2307 3 7 69 50 78 65 5
D 89 2297 2 2 67 4 3
D 0 2299 3 1 6 66 68 89 5
