c ids of sdd nodes start at 0
c sdd nodes appear bottom-up, children before parents
c
c file syntax:
c sdd count-of-sdd-nodes
c F id-of-false-sdd-node
c T id-of-true-sdd-node
c L id-of-literal-sdd-node id-of-vtree literal
c D id-of-decomposition-sdd-node id-of-vtree number-of-elements {id-of-prime id-of-sub}*
c
sdd 90
L 2 12 -751
L 3 14 752
L 4 12 751
F 5
D 1 13 2 2 3 4 5
L 8 36 -227
L 9 38 228
L 10 36 227
D 7 37 2 8 9 10 5
L 13 2476 -499
L 14 2478 500
L 15 2476 499
D 12 2477 2 13 14 15 5
L 19 2480 -2699
L 20 2482 -2700
L 21 2480 2699
D 18 2481 2 19 20 21 5
L 23 2484 -2701
L 24 2486 -2702
L 25 2484 2701
D 22 2485 2 23 24 25 5
L 27 2482 2700
T 28
D 26 2481 2 19 27 21 28
D 17 2483 2 18 22 26 5
L 31 2488 -2703
L 32 2490 -2704
L 33 2488 2703
D 30 2489 2 31 32 33 5
L 35 2492 -2705
L 36 2494 2706
L 37 2492 2705
D 34 2493 2 35 36 37 5
L 39 2490 2704
D 38 2489 2 31 39 33 28
D 29 2491 2 30 34 38 5
L 42 2486 2702
D 41 2485 2 23 42 25 28
D 40 2483 2 18 41 26 28
D 16 2487 2 17 29 40 5
L 44 2478 -500
D 43 2477 2 15 44 13 5
L 48 2494 -2706
D 47 2493 2 37 48 35 5
D 46 2491 2 30 47 38 5
D 45 2487 2 17 46 40 5
D 49 2477 2 13 44 15 14
D 11 2479 3 12 16 43 45 49 5
L 51 38 -228
D 50 37 2 10 51 8 5
D 55 2489 2 31 39 33 5
D 56 2493 2 35 48 37 5
D 57 2489 2 31 32 33 28
D 54 2491 2 55 56 57 5
D 53 2487 2 17 54 40 5
D 60 2489 2 33 32 31 5
D 61 2489 2 33 39 31 28
D 59 2491 2 60 56 61 5
D 58 2487 2 17 59 40 5
D 52 2479 3 12 53 43 58 49 5
D 62 37 2 8 51 10 9
D 6 39 3 7 11 50 52 62 5
L 64 14 -752
D 63 13 2 4 64 2 5
D 69 2485 2 23 42 25 5
D 68 2483 2 18 69 26 5
D 70 2491 2 30 56 38 5
D 72 2485 2 23 24 25 28
D 71 2483 2 18 72 26 28
D 67 2487 2 68 70 71 5
D 75 2485 2 25 24 23 5
D 74 2483 2 18 75 26 5
D 77 2485 2 25 42 23 28
D 76 2483 2 18 77 26 28
D 73 2487 2 74 70 76 5
D 66 2479 3 12 67 43 73 49 5
D 81 2481 2 19 27 21 5
D 82 2481 2 19 20 21 28
D 80 2483 2 81 22 82 5
D 83 2483 2 81 41 82 28
D 79 2487 2 80 70 83 5
D 86 2481 2 21 20 19 5
D 87 2481 2 21 27 19 28
D 85 2483 2 86 22 87 5
D 88 2483 2 86 41 87 28
D 84 2487 2 85 70 88 5
D 78 2479 3 12 79 43 84 49 5
D 65 39 3 7 66 50 78 62 5
D 89 13 2 2 64 4 3
D 0 15 3 1 6 63 65 89 5
