c ids of sdd nodes start at 0
c sdd nodes appear bottom-up, children before parents
c
c file syntax:
c sdd count-of-sdd-nodes
c F id-of-false-sdd-node
c T id-of-true-sdd-node
c L id-of-literal-sdd-node id-of-vtree literal
c D id-of-decomposition-sdd-node id-of-vtree number-of-elements {id-of-prime id-of-sub}*
c
sdd 90
L 2 1352 -49
L 3 1354 50
L 4 1352 49
F 5
D 1 1353 2 2 3 4 5
L 8 1360 -55
L 9 1362 56
L 10 1360 55
D 7 1361 2 8 9 10 5
L 13 1432 -513
L 14 1434 514
L 15 1432 513
D 12 1433 2 13 14 15 5
L 19 1436 -993
L 20 1438 -994
L 21 1436 993
D 18 1437 2 19 20 21 5
L 23 1440 -995
L 24 1442 -996
L 25 1440 995
D 22 1441 2 23 24 25 5
L 27 1438 994
T 28
D 26 1437 2 19 27 21 28
D 17 1439 2 18 22 26 5
L 31 1444 -997
L 32 1446 -998
L 33 1444 997
D 30 1445 2 31 32 33 5
L 35 1448 -999
L 36 1450 1000
L 37 1448 999
D 34 1449 2 35 36 37 5
L 39 1446 998
D 38 1445 2 31 39 33 28
D 29 1447 2 30 34 38 5
L 42 1442 996
D 41 1441 2 23 42 25 28
D 40 1439 2 18 41 26 28
D 16 1443 2 17 29 40 5
L 44 1434 -514
D 43 1433 2 15 44 13 5
D 47 1445 2 31 39 33 5
L 49 1450 -1000
D 48 1449 2 35 49 37 5
D 50 1445 2 31 32 33 28
D 46 1447 2 47 48 50 5
D 45 1443 2 17 46 40 5
D 51 1433 2 13 44 15 14
D 11 1435 3 12 16 43 45 51 5
L 53 1362 -56
D 52 1361 2 10 53 8 5
D 57 1441 2 23 42 25 5
D 56 1439 2 18 57 26 5
D 58 1447 2 30 48 38 5
D 60 1441 2 23 24 25 28
D 59 1439 2 18 60 26 28
D 55 1443 2 56 58 59 5
D 63 1437 2 19 27 21 5
D 64 1437 2 19 20 21 28
D 62 1439 2 63 22 64 5
D 65 1439 2 63 41 64 28
D 61 1443 2 62 58 65 5
D 54 1435 3 12 55 43 61 51 5
D 66 1361 2 8 53 10 9
D 6 1363 3 7 11 52 54 66 5
L 68 1354 -50
D 67 1353 2 4 68 2 5
D 73 1449 2 37 49 35 5
D 72 1447 2 30 73 38 5
D 71 1443 2 17 72 40 5
D 76 1445 2 33 32 31 5
D 77 1445 2 33 39 31 28
D 75 1447 2 76 48 77 5
D 74 1443 2 17 75 40 5
D 70 1435 3 12 71 43 74 51 5
D 81 1441 2 25 24 23 5
D 80 1439 2 18 81 26 5
D 83 1441 2 25 42 23 28
D 82 1439 2 18 83 26 28
D 79 1443 2 80 58 82 5
D 86 1437 2 21 20 19 5
D 87 1437 2 21 27 19 28
D 85 1439 2 86 22 87 5
D 88 1439 2 86 41 87 28
D 84 1443 2 85 58 88 5
D 78 1435 3 12 79 43 84 51 5
D 69 1363 3 7 70 52 78 66 5
D 89 1353 2 2 68 4 3
D 0 1355 3 1 6 67 69 89 5
