c ids of sdd nodes start at 0
c sdd nodes appear bottom-up, children before parents
c
c file syntax:
c sdd count-of-sdd-nodes
c F id-of-false-sdd-node
c T id-of-true-sdd-node
c L id-of-literal-sdd-node id-of-vtree literal
c D id-of-decomposition-sdd-node id-of-vtree number-of-elements {id-of-prime id-of-sub}*
c
sdd 90
L 2 2420 -225
L 3 2422 226
L 4 2420 225
F 5
D 1 2421 2 2 3 4 5
L 8 2456 -501
L 9 2458 502
L 10 2456 501
D 7 2457 2 8 9 10 5
L 13 2476 -499
L 14 2478 500
L 15 2476 499
D 12 2477 2 13 14 15 5
L 19 2496 -2707
L 20 2498 -2708
L 21 2496 2707
D 18 2497 2 19 20 21 5
L 23 2500 -2709
L 24 2502 -2710
L 25 2500 2709
D 22 2501 2 23 24 25 5
L 27 2498 2708
T 28
D 26 2497 2 19 27 21 28
D 17 2499 2 18 22 26 5
L 31 2504 -2711
L 32 2506 -2712
L 33 2504 2711
D 30 2505 2 31 32 33 5
L 35 2508 -2713
L 36 2510 2714
L 37 2508 2713
D 34 2509 2 35 36 37 5
L 39 2506 2712
D 38 2505 2 31 39 33 28
D 29 2507 2 30 34 38 5
L 42 2502 2710
D 41 2501 2 23 42 25 28
D 40 2499 2 18 41 26 28
D 16 2503 2 17 29 40 5
L 44 2478 -500
D 43 2477 2 15 44 13 5
D 47 2501 2 23 42 25 5
D 46 2499 2 18 47 26 5
L 50 2510 -2714
D 49 2509 2 35 50 37 5
D 48 2507 2 30 49 38 5
D 52 2501 2 23 24 25 28
D 51 2499 2 18 52 26 28
D 45 2503 2 46 48 51 5
D 53 2477 2 13 44 15 14
D 11 2479 3 12 16 43 45 53 5
L 55 2458 -502
D 54 2457 2 10 55 8 5
D 59 2509 2 37 50 35 5
D 58 2507 2 30 59 38 5
D 57 2503 2 17 58 40 5
D 62 2501 2 25 24 23 5
D 61 2499 2 18 62 26 5
D 64 2501 2 25 42 23 28
D 63 2499 2 18 64 26 28
D 60 2503 2 61 48 63 5
D 56 2479 3 12 57 43 60 53 5
D 65 2457 2 8 55 10 9
D 6 2459 3 7 11 54 56 65 5
L 67 2422 -226
D 66 2421 2 4 67 2 5
D 72 2505 2 31 39 33 5
D 73 2505 2 31 32 33 28
D 71 2507 2 72 49 73 5
D 70 2503 2 17 71 40 5
D 76 2497 2 19 27 21 5
D 77 2497 2 19 20 21 28
D 75 2499 2 76 22 77 5
D 78 2499 2 76 41 77 28
D 74 2503 2 75 48 78 5
D 69 2479 3 12 70 43 74 53 5
D 82 2505 2 33 32 31 5
D 83 2505 2 33 39 31 28
D 81 2507 2 82 49 83 5
D 80 2503 2 17 81 40 5
D 86 2497 2 21 20 19 5
D 87 2497 2 21 27 19 28
D 85 2499 2 86 22 87 5
D 88 2499 2 86 41 87 28
D 84 2503 2 85 48 88 5
D 79 2479 3 12 80 43 84 53 5
D 68 2459 3 7 69 54 79 65 5
D 89 2421 2 2 67 4 3
D 0 2423 3 1 6 66 68 89 5
