c ids of sdd nodes start at 0
c sdd nodes appear bottom-up, children before parents
c
c file syntax:
c sdd count-of-sdd-nodes
c F id-of-false-sdd-node
c T id-of-true-sdd-node
c L id-of-literal-sdd-node id-of-vtree literal
c D id-of-decomposition-sdd-node id-of-vtree number-of-elements {id-of-prime id-of-sub}*
c
sdd 90
L 2 4236 -505
L 3 4238 506
L 4 4236 505
F 5
D 1 4237 2 2 3 4 5
L 8 4240 -503
L 9 4242 504
L 10 4240 503
D 7 4241 2 8 9 10 5
L 13 4468 -555
L 14 4470 556
L 15 4468 555
D 12 4469 2 13 14 15 5
L 19 4472 -2715
L 20 4474 -2716
L 21 4472 2715
D 18 4473 2 19 20 21 5
L 23 4476 -2717
L 24 4478 -2718
L 25 4476 2717
D 22 4477 2 23 24 25 5
L 27 4474 2716
T 28
D 26 4473 2 19 27 21 28
D 17 4475 2 18 22 26 5
L 31 4480 -2719
L 32 4482 -2720
L 33 4480 2719
D 30 4481 2 31 32 33 5
L 35 4484 -2721
L 36 4486 2722
L 37 4484 2721
D 34 4485 2 35 36 37 5
L 39 4482 2720
D 38 4481 2 31 39 33 28
D 29 4483 2 30 34 38 5
L 42 4478 2718
D 41 4477 2 23 42 25 28
D 40 4475 2 18 41 26 28
D 16 4479 2 17 29 40 5
L 44 4470 -556
D 43 4469 2 15 44 13 5
D 47 4481 2 31 39 33 5
L 49 4486 -2722
D 48 4485 2 35 49 37 5
D 50 4481 2 31 32 33 28
D 46 4483 2 47 48 50 5
D 45 4479 2 17 46 40 5
D 51 4469 2 13 44 15 14
D 11 4471 3 12 16 43 45 51 5
L 53 4242 -504
D 52 4241 2 10 53 8 5
D 57 4485 2 37 49 35 5
D 56 4483 2 30 57 38 5
D 55 4479 2 17 56 40 5
D 60 4481 2 33 32 31 5
D 61 4481 2 33 39 31 28
D 59 4483 2 60 48 61 5
D 58 4479 2 17 59 40 5
D 54 4471 3 12 55 43 58 51 5
D 62 4241 2 8 53 10 9
D 6 4243 3 7 11 52 54 62 5
L 64 4238 -506
D 63 4237 2 4 64 2 5
D 69 4477 2 23 42 25 5
D 68 4475 2 18 69 26 5
D 70 4483 2 30 48 38 5
D 72 4477 2 23 24 25 28
D 71 4475 2 18 72 26 28
D 67 4479 2 68 70 71 5
D 75 4473 2 19 27 21 5
D 76 4473 2 19 20 21 28
D 74 4475 2 75 22 76 5
D 77 4475 2 75 41 76 28
D 73 4479 2 74 70 77 5
D 66 4471 3 12 67 43 73 51 5
D 81 4477 2 25 24 23 5
D 80 4475 2 18 81 26 5
D 83 4477 2 25 42 23 28
D 82 4475 2 18 83 26 28
D 79 4479 2 80 70 82 5
D 86 4473 2 21 20 19 5
D 87 4473 2 21 27 19 28
D 85 4475 2 86 22 87 5
D 88 4475 2 86 41 87 28
D 84 4479 2 85 70 88 5
D 78 4471 3 12 79 43 84 51 5
D 65 4243 3 7 66 52 78 62 5
D 89 4237 2 2 64 4 3
D 0 4239 3 1 6 63 65 89 5
