c ids of sdd nodes start at 0
c sdd nodes appear bottom-up, children before parents
c
c file syntax:
c sdd count-of-sdd-nodes
c F id-of-false-sdd-node
c T id-of-true-sdd-node
c L id-of-literal-sdd-node id-of-vtree literal
c D id-of-decomposition-sdd-node id-of-vtree number-of-elements {id-of-prime id-of-sub}*
c
sdd 90
L 2 4228 -553
L 3 4230 554
L 4 4228 553
F 5
D 1 4229 2 2 3 4 5
L 8 4236 -505
L 9 4238 506
L 10 4236 505
D 7 4237 2 8 9 10 5
L 13 5040 -653
L 14 5042 654
L 15 5040 653
D 12 5041 2 13 14 15 5
L 19 5044 -2723
L 20 5046 -2724
L 21 5044 2723
D 18 5045 2 19 20 21 5
L 23 5048 -2725
L 24 5050 -2726
L 25 5048 2725
D 22 5049 2 23 24 25 5
L 27 5046 2724
T 28
D 26 5045 2 19 27 21 28
D 17 5047 2 18 22 26 5
L 31 5052 -2727
L 32 5054 -2728
L 33 5052 2727
D 30 5053 2 31 32 33 5
L 35 5056 -2729
L 36 5058 2730
L 37 5056 2729
D 34 5057 2 35 36 37 5
L 39 5054 2728
D 38 5053 2 31 39 33 28
D 29 5055 2 30 34 38 5
L 42 5050 2726
D 41 5049 2 23 42 25 28
D 40 5047 2 18 41 26 28
D 16 5051 2 17 29 40 5
L 44 5042 -654
D 43 5041 2 15 44 13 5
D 47 5049 2 23 42 25 5
D 46 5047 2 18 47 26 5
L 50 5058 -2730
D 49 5057 2 35 50 37 5
D 48 5055 2 30 49 38 5
D 52 5049 2 23 24 25 28
D 51 5047 2 18 52 26 28
D 45 5051 2 46 48 51 5
D 53 5041 2 13 44 15 14
D 11 5043 3 12 16 43 45 53 5
L 55 4238 -506
D 54 4237 2 10 55 8 5
D 59 5057 2 37 50 35 5
D 58 5055 2 30 59 38 5
D 57 5051 2 17 58 40 5
D 62 5049 2 25 24 23 5
D 61 5047 2 18 62 26 5
D 64 5049 2 25 42 23 28
D 63 5047 2 18 64 26 28
D 60 5051 2 61 48 63 5
D 56 5043 3 12 57 43 60 53 5
D 65 4237 2 8 55 10 9
D 6 4239 3 7 11 54 56 65 5
L 67 4230 -554
D 66 4229 2 4 67 2 5
D 72 5053 2 31 39 33 5
D 73 5053 2 31 32 33 28
D 71 5055 2 72 49 73 5
D 70 5051 2 17 71 40 5
D 76 5045 2 19 27 21 5
D 77 5045 2 19 20 21 28
D 75 5047 2 76 22 77 5
D 78 5047 2 76 41 77 28
D 74 5051 2 75 48 78 5
D 69 5043 3 12 70 43 74 53 5
D 82 5053 2 33 32 31 5
D 83 5053 2 33 39 31 28
D 81 5055 2 82 49 83 5
D 80 5051 2 17 81 40 5
D 86 5045 2 21 20 19 5
D 87 5045 2 21 27 19 28
D 85 5047 2 86 22 87 5
D 88 5047 2 86 41 87 28
D 84 5051 2 85 48 88 5
D 79 5043 3 12 80 43 84 53 5
D 68 4239 3 7 69 54 79 65 5
D 89 4229 2 2 67 4 3
D 0 4231 3 1 6 66 68 89 5
