c ids of sdd nodes start at 0
c sdd nodes appear bottom-up, children before parents
c
c file syntax:
c sdd count-of-sdd-nodes
c F id-of-false-sdd-node
c T id-of-true-sdd-node
c L id-of-literal-sdd-node id-of-vtree literal
c D id-of-decomposition-sdd-node id-of-vtree number-of-elements {id-of-prime id-of-sub}*
c
sdd 90
L 2 80 -507
L 3 82 508
L 4 80 507
F 5
D 1 81 2 2 3 4 5
L 8 4520 -509
L 9 4522 510
L 10 4520 509
D 7 4521 2 8 9 10 5
L 13 4556 -559
L 14 4558 560
L 15 4556 559
D 12 4557 2 13 14 15 5
L 19 4560 -2731
L 20 4562 -2732
L 21 4560 2731
D 18 4561 2 19 20 21 5
L 23 4564 -2733
L 24 4566 -2734
L 25 4564 2733
D 22 4565 2 23 24 25 5
L 27 4562 2732
T 28
D 26 4561 2 19 27 21 28
D 17 4563 2 18 22 26 5
L 31 4568 -2735
L 32 4570 -2736
L 33 4568 2735
D 30 4569 2 31 32 33 5
L 35 4572 -2737
L 36 4574 2738
L 37 4572 2737
D 34 4573 2 35 36 37 5
L 39 4570 2736
D 38 4569 2 31 39 33 28
D 29 4571 2 30 34 38 5
L 42 4566 2734
D 41 4565 2 23 42 25 28
D 40 4563 2 18 41 26 28
D 16 4567 2 17 29 40 5
L 44 4558 -560
D 43 4557 2 15 44 13 5
D 47 4569 2 31 39 33 5
L 49 4574 -2738
D 48 4573 2 35 49 37 5
D 50 4569 2 31 32 33 28
D 46 4571 2 47 48 50 5
D 45 4567 2 17 46 40 5
D 51 4557 2 13 44 15 14
D 11 4559 3 12 16 43 45 51 5
L 53 4522 -510
D 52 4521 2 10 53 8 5
D 57 4565 2 23 42 25 5
D 56 4563 2 18 57 26 5
D 58 4571 2 30 48 38 5
D 60 4565 2 23 24 25 28
D 59 4563 2 18 60 26 28
D 55 4567 2 56 58 59 5
D 63 4561 2 19 27 21 5
D 64 4561 2 19 20 21 28
D 62 4563 2 63 22 64 5
D 65 4563 2 63 41 64 28
D 61 4567 2 62 58 65 5
D 54 4559 3 12 55 43 61 51 5
D 66 4521 2 8 53 10 9
D 6 4523 3 7 11 52 54 66 5
L 68 82 -508
D 67 81 2 4 68 2 5
D 73 4573 2 37 49 35 5
D 72 4571 2 30 73 38 5
D 71 4567 2 17 72 40 5
D 76 4569 2 33 32 31 5
D 77 4569 2 33 39 31 28
D 75 4571 2 76 48 77 5
D 74 4567 2 17 75 40 5
D 70 4559 3 12 71 43 74 51 5
D 81 4565 2 25 24 23 5
D 80 4563 2 18 81 26 5
D 83 4565 2 25 42 23 28
D 82 4563 2 18 83 26 28
D 79 4567 2 80 58 82 5
D 86 4561 2 21 20 19 5
D 87 4561 2 21 27 19 28
D 85 4563 2 86 22 87 5
D 88 4563 2 86 41 87 28
D 84 4567 2 85 58 88 5
D 78 4559 3 12 79 43 84 51 5
D 69 4523 3 7 70 52 78 66 5
D 89 81 2 2 68 4 3
D 0 83 3 1 6 67 69 89 5
