c ids of sdd nodes start at 0
c sdd nodes appear bottom-up, children before parents
c
c file syntax:
c sdd count-of-sdd-nodes
c F id-of-false-sdd-node
c T id-of-true-sdd-node
c L id-of-literal-sdd-node id-of-vtree literal
c D id-of-decomposition-sdd-node id-of-vtree number-of-elements {id-of-prime id-of-sub}*
c
sdd 90
L 2 4240 -503
L 3 4242 504
L 4 4240 503
F 5
D 1 4241 2 2 3 4 5
L 8 4428 -557
L 9 4430 558
L 10 4428 557
D 7 4429 2 8 9 10 5
L 13 4520 -509
L 14 4522 510
L 15 4520 509
D 12 4521 2 13 14 15 5
L 19 4540 -2739
L 20 4542 -2740
L 21 4540 2739
D 18 4541 2 19 20 21 5
L 23 4544 -2741
L 24 4546 -2742
L 25 4544 2741
D 22 4545 2 23 24 25 5
L 27 4542 2740
T 28
D 26 4541 2 19 27 21 28
D 17 4543 2 18 22 26 5
L 31 4548 -2743
L 32 4550 -2744
L 33 4548 2743
D 30 4549 2 31 32 33 5
L 35 4552 -2745
L 36 4554 2746
L 37 4552 2745
D 34 4553 2 35 36 37 5
L 39 4550 2744
D 38 4549 2 31 39 33 28
D 29 4551 2 30 34 38 5
L 42 4546 2742
D 41 4545 2 23 42 25 28
D 40 4543 2 18 41 26 28
D 16 4547 2 17 29 40 5
L 44 4522 -510
D 43 4521 2 15 44 13 5
L 48 4554 -2746
D 47 4553 2 37 48 35 5
D 46 4551 2 30 47 38 5
D 45 4547 2 17 46 40 5
D 49 4521 2 13 44 15 14
D 11 4523 3 12 16 43 45 49 5
L 51 4430 -558
D 50 4429 2 10 51 8 5
D 55 4549 2 31 39 33 5
D 56 4553 2 35 48 37 5
D 57 4549 2 31 32 33 28
D 54 4551 2 55 56 57 5
D 53 4547 2 17 54 40 5
D 60 4549 2 33 32 31 5
D 61 4549 2 33 39 31 28
D 59 4551 2 60 56 61 5
D 58 4547 2 17 59 40 5
D 52 4523 3 12 53 43 58 49 5
D 62 4429 2 8 51 10 9
D 6 4431 3 7 11 50 52 62 5
L 64 4242 -504
D 63 4241 2 4 64 2 5
D 69 4545 2 23 42 25 5
D 68 4543 2 18 69 26 5
D 70 4551 2 30 56 38 5
D 72 4545 2 23 24 25 28
D 71 4543 2 18 72 26 28
D 67 4547 2 68 70 71 5
D 75 4545 2 25 24 23 5
D 74 4543 2 18 75 26 5
D 77 4545 2 25 42 23 28
D 76 4543 2 18 77 26 28
D 73 4547 2 74 70 76 5
D 66 4523 3 12 67 43 73 49 5
D 81 4541 2 19 27 21 5
D 82 4541 2 19 20 21 28
D 80 4543 2 81 22 82 5
D 83 4543 2 81 41 82 28
D 79 4547 2 80 70 83 5
D 86 4541 2 21 20 19 5
D 87 4541 2 21 27 19 28
D 85 4543 2 86 22 87 5
D 88 4543 2 86 41 87 28
D 84 4547 2 85 70 88 5
D 78 4523 3 12 79 43 84 49 5
D 65 4431 3 7 66 50 78 62 5
D 89 4241 2 2 64 4 3
D 0 4243 3 1 6 63 65 89 5
