c ids of sdd nodes start at 0
c sdd nodes appear bottom-up, children before parents
c
c file syntax:
c sdd count-of-sdd-nodes
c F id-of-false-sdd-node
c T id-of-true-sdd-node
c L id-of-literal-sdd-node id-of-vtree literal
c D id-of-decomposition-sdd-node id-of-vtree number-of-elements {id-of-prime id-of-sub}*
c
sdd 90
L 2 48 -545
L 3 50 546
L 4 48 545
F 5
D 1 49 2 2 3 4 5
L 8 80 -507
L 9 82 508
L 10 80 507
D 7 81 2 8 9 10 5
L 13 1432 -513
L 14 1434 514
L 15 1432 513
D 12 1433 2 13 14 15 5
L 19 1468 -2755
L 20 1470 -2756
L 21 1468 2755
D 18 1469 2 19 20 21 5
L 23 1472 -2757
L 24 1474 -2758
L 25 1472 2757
D 22 1473 2 23 24 25 5
L 27 1470 2756
T 28
D 26 1469 2 19 27 21 28
D 17 1471 2 18 22 26 5
L 31 1476 -2759
L 32 1478 -2760
L 33 1476 2759
D 30 1477 2 31 32 33 5
L 35 1480 -2761
L 36 1482 2762
L 37 1480 2761
D 34 1481 2 35 36 37 5
L 39 1478 2760
D 38 1477 2 31 39 33 28
D 29 1479 2 30 34 38 5
L 42 1474 2758
D 41 1473 2 23 42 25 28
D 40 1471 2 18 41 26 28
D 16 1475 2 17 29 40 5
L 44 1434 -514
D 43 1433 2 15 44 13 5
L 48 1482 -2762
D 47 1481 2 37 48 35 5
D 46 1479 2 30 47 38 5
D 45 1475 2 17 46 40 5
D 49 1433 2 13 44 15 14
D 11 1435 3 12 16 43 45 49 5
L 51 82 -508
D 50 81 2 10 51 8 5
D 55 1473 2 23 42 25 5
D 54 1471 2 18 55 26 5
D 57 1481 2 35 48 37 5
D 56 1479 2 30 57 38 5
D 59 1473 2 23 24 25 28
D 58 1471 2 18 59 26 28
D 53 1475 2 54 56 58 5
D 62 1473 2 25 24 23 5
D 61 1471 2 18 62 26 5
D 64 1473 2 25 42 23 28
D 63 1471 2 18 64 26 28
D 60 1475 2 61 56 63 5
D 52 1435 3 12 53 43 60 49 5
D 65 81 2 8 51 10 9
D 6 83 3 7 11 50 52 65 5
L 67 50 -546
D 66 49 2 4 67 2 5
D 72 1477 2 31 39 33 5
D 73 1477 2 31 32 33 28
D 71 1479 2 72 57 73 5
D 70 1475 2 17 71 40 5
D 76 1477 2 33 32 31 5
D 77 1477 2 33 39 31 28
D 75 1479 2 76 57 77 5
D 74 1475 2 17 75 40 5
D 69 1435 3 12 70 43 74 49 5
D 81 1469 2 19 27 21 5
D 82 1469 2 19 20 21 28
D 80 1471 2 81 22 82 5
D 83 1471 2 81 41 82 28
D 79 1475 2 80 56 83 5
D 86 1469 2 21 20 19 5
D 87 1469 2 21 27 19 28
D 85 1471 2 86 22 87 5
D 88 1471 2 86 41 87 28
D 84 1475 2 85 56 88 5
D 78 1435 3 12 79 43 84 49 5
D 68 83 3 7 69 50 78 65 5
D 89 49 2 2 67 4 3
D 0 51 3 1 6 66 68 89 5
