c ids of sdd nodes start at 0
c sdd nodes appear bottom-up, children before parents
c
c file syntax:
c sdd count-of-sdd-nodes
c F id-of-false-sdd-node
c T id-of-true-sdd-node
c L id-of-literal-sdd-node id-of-vtree literal
c D id-of-decomposition-sdd-node id-of-vtree number-of-elements {id-of-prime id-of-sub}*
c
sdd 90
L 2 92 -551
L 3 94 552
L 4 92 551
F 5
D 1 93 2 2 3 4 5
L 8 1484 -517
L 9 1486 518
L 10 1484 517
D 7 1485 2 8 9 10 5
L 13 1560 -515
L 14 1562 516
L 15 1560 515
D 12 1561 2 13 14 15 5
L 19 1596 -2763
L 20 1598 -2764
L 21 1596 2763
D 18 1597 2 19 20 21 5
L 23 1600 -2765
L 24 1602 -2766
L 25 1600 2765
D 22 1601 2 23 24 25 5
L 27 1598 2764
T 28
D 26 1597 2 19 27 21 28
D 17 1599 2 18 22 26 5
L 31 1604 -2767
L 32 1606 -2768
L 33 1604 2767
D 30 1605 2 31 32 33 5
L 35 1608 -2769
L 36 1610 2770
L 37 1608 2769
D 34 1609 2 35 36 37 5
L 39 1606 2768
D 38 1605 2 31 39 33 28
D 29 1607 2 30 34 38 5
L 42 1602 2766
D 41 1601 2 23 42 25 28
D 40 1599 2 18 41 26 28
D 16 1603 2 17 29 40 5
L 44 1562 -516
D 43 1561 2 15 44 13 5
L 48 1610 -2770
D 47 1609 2 37 48 35 5
D 46 1607 2 30 47 38 5
D 45 1603 2 17 46 40 5
D 49 1561 2 13 44 15 14
D 11 1563 3 12 16 43 45 49 5
L 51 1486 -518
D 50 1485 2 10 51 8 5
D 55 1601 2 23 42 25 5
D 54 1599 2 18 55 26 5
D 57 1609 2 35 48 37 5
D 56 1607 2 30 57 38 5
D 59 1601 2 23 24 25 28
D 58 1599 2 18 59 26 28
D 53 1603 2 54 56 58 5
D 62 1601 2 25 24 23 5
D 61 1599 2 18 62 26 5
D 64 1601 2 25 42 23 28
D 63 1599 2 18 64 26 28
D 60 1603 2 61 56 63 5
D 52 1563 3 12 53 43 60 49 5
D 65 1485 2 8 51 10 9
D 6 1487 3 7 11 50 52 65 5
L 67 94 -552
D 66 93 2 4 67 2 5
D 72 1605 2 31 39 33 5
D 73 1605 2 31 32 33 28
D 71 1607 2 72 57 73 5
D 70 1603 2 17 71 40 5
D 76 1605 2 33 32 31 5
D 77 1605 2 33 39 31 28
D 75 1607 2 76 57 77 5
D 74 1603 2 17 75 40 5
D 69 1563 3 12 70 43 74 49 5
D 81 1597 2 19 27 21 5
D 82 1597 2 19 20 21 28
D 80 1599 2 81 22 82 5
D 83 1599 2 81 41 82 28
D 79 1603 2 80 56 83 5
D 86 1597 2 21 20 19 5
D 87 1597 2 21 27 19 28
D 85 1599 2 86 22 87 5
D 88 1599 2 86 41 87 28
D 84 1603 2 85 56 88 5
D 78 1563 3 12 79 43 84 49 5
D 68 1487 3 7 69 50 78 65 5
D 89 93 2 2 67 4 3
D 0 95 3 1 6 66 68 89 5
