c ids of sdd nodes start at 0
c sdd nodes appear bottom-up, children before parents
c
c file syntax:
c sdd count-of-sdd-nodes
c F id-of-false-sdd-node
c T id-of-true-sdd-node
c L id-of-literal-sdd-node id-of-vtree literal
c D id-of-decomposition-sdd-node id-of-vtree number-of-elements {id-of-prime id-of-sub}*
c
sdd 90
L 2 8 -521
L 3 10 522
L 4 8 521
F 5
D 1 9 2 2 3 4 5
L 8 1360 -55
L 9 1362 56
L 10 1360 55
D 7 1361 2 8 9 10 5
L 13 1380 -519
L 14 1382 520
L 15 1380 519
D 12 1381 2 13 14 15 5
L 19 1400 -2779
L 20 1402 -2780
L 21 1400 2779
D 18 1401 2 19 20 21 5
L 23 1404 -2781
L 24 1406 -2782
L 25 1404 2781
D 22 1405 2 23 24 25 5
L 27 1402 2780
T 28
D 26 1401 2 19 27 21 28
D 17 1403 2 18 22 26 5
L 31 1408 -2783
L 32 1410 -2784
L 33 1408 2783
D 30 1409 2 31 32 33 5
L 35 1412 -2785
L 36 1414 2786
L 37 1412 2785
D 34 1413 2 35 36 37 5
L 39 1410 2784
D 38 1409 2 31 39 33 28
D 29 1411 2 30 34 38 5
L 42 1406 2782
D 41 1405 2 23 42 25 28
D 40 1403 2 18 41 26 28
D 16 1407 2 17 29 40 5
L 44 1382 -520
D 43 1381 2 15 44 13 5
L 48 1414 -2786
D 47 1413 2 37 48 35 5
D 46 1411 2 30 47 38 5
D 45 1407 2 17 46 40 5
D 49 1381 2 13 44 15 14
D 11 1383 3 12 16 43 45 49 5
L 51 1362 -56
D 50 1361 2 10 51 8 5
D 55 1409 2 31 39 33 5
D 56 1413 2 35 48 37 5
D 57 1409 2 31 32 33 28
D 54 1411 2 55 56 57 5
D 53 1407 2 17 54 40 5
D 60 1409 2 33 32 31 5
D 61 1409 2 33 39 31 28
D 59 1411 2 60 56 61 5
D 58 1407 2 17 59 40 5
D 52 1383 3 12 53 43 58 49 5
D 62 1361 2 8 51 10 9
D 6 1363 3 7 11 50 52 62 5
L 64 10 -522
D 63 9 2 4 64 2 5
D 69 1405 2 23 42 25 5
D 68 1403 2 18 69 26 5
D 70 1411 2 30 56 38 5
D 72 1405 2 23 24 25 28
D 71 1403 2 18 72 26 28
D 67 1407 2 68 70 71 5
D 75 1405 2 25 24 23 5
D 74 1403 2 18 75 26 5
D 77 1405 2 25 42 23 28
D 76 1403 2 18 77 26 28
D 73 1407 2 74 70 76 5
D 66 1383 3 12 67 43 73 49 5
D 81 1401 2 19 27 21 5
D 82 1401 2 19 20 21 28
D 80 1403 2 81 22 82 5
D 83 1403 2 81 41 82 28
D 79 1407 2 80 70 83 5
D 86 1401 2 21 20 19 5
D 87 1401 2 21 27 19 28
D 85 1403 2 86 22 87 5
D 88 1403 2 86 41 87 28
D 84 1407 2 85 70 88 5
D 78 1383 3 12 79 43 84 49 5
D 65 1363 3 7 66 50 78 62 5
D 89 9 2 2 64 4 3
D 0 11 3 1 6 63 65 89 5
