c ids of sdd nodes start at 0
c sdd nodes appear bottom-up, children before parents
c
c file syntax:
c sdd count-of-sdd-nodes
c F id-of-false-sdd-node
c T id-of-true-sdd-node
c L id-of-literal-sdd-node id-of-vtree literal
c D id-of-decomposition-sdd-node id-of-vtree number-of-elements {id-of-prime id-of-sub}*
c
sdd 90
L 2 4244 -59
L 3 4246 60
L 4 4244 59
F 5
D 1 4245 2 2 3 4 5
L 8 4248 -525
L 9 4250 526
L 10 4248 525
D 7 4249 2 8 9 10 5
L 13 4252 -523
L 14 4254 524
L 15 4252 523
D 12 4253 2 13 14 15 5
L 19 4288 -2795
L 20 4290 -2796
L 21 4288 2795
D 18 4289 2 19 20 21 5
L 23 4292 -2797
L 24 4294 -2798
L 25 4292 2797
D 22 4293 2 23 24 25 5
L 27 4290 2796
T 28
D 26 4289 2 19 27 21 28
D 17 4291 2 18 22 26 5
L 31 4296 -2799
L 32 4298 -2800
L 33 4296 2799
D 30 4297 2 31 32 33 5
L 35 4300 -2801
L 36 4302 2802
L 37 4300 2801
D 34 4301 2 35 36 37 5
L 39 4298 2800
D 38 4297 2 31 39 33 28
D 29 4299 2 30 34 38 5
L 42 4294 2798
D 41 4293 2 23 42 25 28
D 40 4291 2 18 41 26 28
D 16 4295 2 17 29 40 5
L 44 4254 -524
D 43 4253 2 15 44 13 5
L 48 4302 -2802
D 47 4301 2 37 48 35 5
D 46 4299 2 30 47 38 5
D 45 4295 2 17 46 40 5
D 49 4253 2 13 44 15 14
D 11 4255 3 12 16 43 45 49 5
L 51 4250 -526
D 50 4249 2 10 51 8 5
D 55 4293 2 23 42 25 5
D 54 4291 2 18 55 26 5
D 57 4301 2 35 48 37 5
D 56 4299 2 30 57 38 5
D 59 4293 2 23 24 25 28
D 58 4291 2 18 59 26 28
D 53 4295 2 54 56 58 5
D 62 4293 2 25 24 23 5
D 61 4291 2 18 62 26 5
D 64 4293 2 25 42 23 28
D 63 4291 2 18 64 26 28
D 60 4295 2 61 56 63 5
D 52 4255 3 12 53 43 60 49 5
D 65 4249 2 8 51 10 9
D 6 4251 3 7 11 50 52 65 5
L 67 4246 -60
D 66 4245 2 4 67 2 5
D 72 4297 2 31 39 33 5
D 73 4297 2 31 32 33 28
D 71 4299 2 72 57 73 5
D 70 4295 2 17 71 40 5
D 76 4297 2 33 32 31 5
D 77 4297 2 33 39 31 28
D 75 4299 2 76 57 77 5
D 74 4295 2 17 75 40 5
D 69 4255 3 12 70 43 74 49 5
D 81 4289 2 19 27 21 5
D 82 4289 2 19 20 21 28
D 80 4291 2 81 22 82 5
D 83 4291 2 81 41 82 28
D 79 4295 2 80 56 83 5
D 86 4289 2 21 20 19 5
D 87 4289 2 21 27 19 28
D 85 4291 2 86 22 87 5
D 88 4291 2 86 41 87 28
D 84 4295 2 85 56 88 5
D 78 4255 3 12 79 43 84 49 5
D 68 4251 3 7 69 50 78 65 5
D 89 4245 2 2 67 4 3
D 0 4247 3 1 6 66 68 89 5
