c ids of sdd nodes start at 0
c sdd nodes appear bottom-up, children before parents
c
c file syntax:
c sdd count-of-sdd-nodes
c F id-of-false-sdd-node
c T id-of-true-sdd-node
c L id-of-literal-sdd-node id-of-vtree literal
c D id-of-decomposition-sdd-node id-of-vtree number-of-elements {id-of-prime id-of-sub}*
c
sdd 90
L 2 1320 -529
L 3 1322 530
L 4 1320 529
F 5
D 1 1321 2 2 3 4 5
L 8 1324 -47
L 9 1326 48
L 10 1324 47
D 7 1325 2 8 9 10 5
L 13 2140 -527
L 14 2142 528
L 15 2140 527
D 12 2141 2 13 14 15 5
L 19 2160 -2811
L 20 2162 -2812
L 21 2160 2811
D 18 2161 2 19 20 21 5
L 23 2164 -2813
L 24 2166 -2814
L 25 2164 2813
D 22 2165 2 23 24 25 5
L 27 2162 2812
T 28
D 26 2161 2 19 27 21 28
D 17 2163 2 18 22 26 5
L 31 2168 -2815
L 32 2170 -2816
L 33 2168 2815
D 30 2169 2 31 32 33 5
L 35 2172 -2817
L 36 2174 2818
L 37 2172 2817
D 34 2173 2 35 36 37 5
L 39 2170 2816
D 38 2169 2 31 39 33 28
D 29 2171 2 30 34 38 5
L 42 2166 2814
D 41 2165 2 23 42 25 28
D 40 2163 2 18 41 26 28
D 16 2167 2 17 29 40 5
L 44 2142 -528
D 43 2141 2 15 44 13 5
L 48 2174 -2818
D 47 2173 2 37 48 35 5
D 46 2171 2 30 47 38 5
D 45 2167 2 17 46 40 5
D 49 2141 2 13 44 15 14
D 11 2143 3 12 16 43 45 49 5
L 51 1326 -48
D 50 1325 2 10 51 8 5
D 55 2169 2 31 39 33 5
D 56 2173 2 35 48 37 5
D 57 2169 2 31 32 33 28
D 54 2171 2 55 56 57 5
D 53 2167 2 17 54 40 5
D 60 2169 2 33 32 31 5
D 61 2169 2 33 39 31 28
D 59 2171 2 60 56 61 5
D 58 2167 2 17 59 40 5
D 52 2143 3 12 53 43 58 49 5
D 62 1325 2 8 51 10 9
D 6 1327 3 7 11 50 52 62 5
L 64 1322 -530
D 63 1321 2 4 64 2 5
D 69 2165 2 23 42 25 5
D 68 2163 2 18 69 26 5
D 70 2171 2 30 56 38 5
D 72 2165 2 23 24 25 28
D 71 2163 2 18 72 26 28
D 67 2167 2 68 70 71 5
D 75 2165 2 25 24 23 5
D 74 2163 2 18 75 26 5
D 77 2165 2 25 42 23 28
D 76 2163 2 18 77 26 28
D 73 2167 2 74 70 76 5
D 66 2143 3 12 67 43 73 49 5
D 81 2161 2 19 27 21 5
D 82 2161 2 19 20 21 28
D 80 2163 2 81 22 82 5
D 83 2163 2 81 41 82 28
D 79 2167 2 80 70 83 5
D 86 2161 2 21 20 19 5
D 87 2161 2 21 27 19 28
D 85 2163 2 86 22 87 5
D 88 2163 2 86 41 87 28
D 84 2167 2 85 70 88 5
D 78 2143 3 12 79 43 84 49 5
D 65 1327 3 7 66 50 78 62 5
D 89 1321 2 2 64 4 3
D 0 1323 3 1 6 63 65 89 5
