c ids of sdd nodes start at 0
c sdd nodes appear bottom-up, children before parents
c
c file syntax:
c sdd count-of-sdd-nodes
c F id-of-false-sdd-node
c T id-of-true-sdd-node
c L id-of-literal-sdd-node id-of-vtree literal
c D id-of-decomposition-sdd-node id-of-vtree number-of-elements {id-of-prime id-of-sub}*
c
sdd 90
L 2 1332 -533
L 3 1334 534
L 4 1332 533
F 5
D 1 1333 2 2 3 4 5
L 8 1352 -49
L 9 1354 50
L 10 1352 49
D 7 1353 2 8 9 10 5
L 13 1380 -519
L 14 1382 520
L 15 1380 519
D 12 1381 2 13 14 15 5
L 19 1416 -2835
L 20 1418 -2836
L 21 1416 2835
D 18 1417 2 19 20 21 5
L 23 1420 -2837
L 24 1422 -2838
L 25 1420 2837
D 22 1421 2 23 24 25 5
L 27 1418 2836
T 28
D 26 1417 2 19 27 21 28
D 17 1419 2 18 22 26 5
L 31 1424 -2839
L 32 1426 -2840
L 33 1424 2839
D 30 1425 2 31 32 33 5
L 35 1428 -2841
L 36 1430 2842
L 37 1428 2841
D 34 1429 2 35 36 37 5
L 39 1426 2840
D 38 1425 2 31 39 33 28
D 29 1427 2 30 34 38 5
L 42 1422 2838
D 41 1421 2 23 42 25 28
D 40 1419 2 18 41 26 28
D 16 1423 2 17 29 40 5
L 44 1382 -520
D 43 1381 2 15 44 13 5
D 47 1421 2 23 42 25 5
D 46 1419 2 18 47 26 5
L 50 1430 -2842
D 49 1429 2 35 50 37 5
D 48 1427 2 30 49 38 5
D 52 1421 2 23 24 25 28
D 51 1419 2 18 52 26 28
D 45 1423 2 46 48 51 5
D 53 1381 2 13 44 15 14
D 11 1383 3 12 16 43 45 53 5
L 55 1354 -50
D 54 1353 2 10 55 8 5
D 59 1425 2 31 39 33 5
D 60 1425 2 31 32 33 28
D 58 1427 2 59 49 60 5
D 57 1423 2 17 58 40 5
D 63 1417 2 19 27 21 5
D 64 1417 2 19 20 21 28
D 62 1419 2 63 22 64 5
D 65 1419 2 63 41 64 28
D 61 1423 2 62 48 65 5
D 56 1383 3 12 57 43 61 53 5
D 66 1353 2 8 55 10 9
D 6 1355 3 7 11 54 56 66 5
L 68 1334 -534
D 67 1333 2 4 68 2 5
D 73 1429 2 37 50 35 5
D 72 1427 2 30 73 38 5
D 71 1423 2 17 72 40 5
D 76 1421 2 25 24 23 5
D 75 1419 2 18 76 26 5
D 78 1421 2 25 42 23 28
D 77 1419 2 18 78 26 28
D 74 1423 2 75 48 77 5
D 70 1383 3 12 71 43 74 53 5
D 82 1425 2 33 32 31 5
D 83 1425 2 33 39 31 28
D 81 1427 2 82 49 83 5
D 80 1423 2 17 81 40 5
D 86 1417 2 21 20 19 5
D 87 1417 2 21 27 19 28
D 85 1419 2 86 22 87 5
D 88 1419 2 86 41 87 28
D 84 1423 2 85 48 88 5
D 79 1383 3 12 80 43 84 53 5
D 69 1355 3 7 70 54 79 66 5
D 89 1333 2 2 68 4 3
D 0 1335 3 1 6 67 69 89 5
