c ids of sdd nodes start at 0
c sdd nodes appear bottom-up, children before parents
c
c file syntax:
c sdd count-of-sdd-nodes
c F id-of-false-sdd-node
c T id-of-true-sdd-node
c L id-of-literal-sdd-node id-of-vtree literal
c D id-of-decomposition-sdd-node id-of-vtree number-of-elements {id-of-prime id-of-sub}*
c
sdd 90
L 2 2100 -537
L 3 2102 538
L 4 2100 537
F 5
D 1 2101 2 2 3 4 5
L 8 2192 -535
L 9 2194 536
L 10 2192 535
D 7 2193 2 8 9 10 5
L 13 2212 -43
L 14 2214 44
L 15 2212 43
D 12 2213 2 13 14 15 5
L 19 2232 -2843
L 20 2234 -2844
L 21 2232 2843
D 18 2233 2 19 20 21 5
L 23 2236 -2845
L 24 2238 -2846
L 25 2236 2845
D 22 2237 2 23 24 25 5
L 27 2234 2844
T 28
D 26 2233 2 19 27 21 28
D 17 2235 2 18 22 26 5
L 31 2240 -2847
L 32 2242 -2848
L 33 2240 2847
D 30 2241 2 31 32 33 5
L 35 2244 -2849
L 36 2246 2850
L 37 2244 2849
D 34 2245 2 35 36 37 5
L 39 2242 2848
D 38 2241 2 31 39 33 28
D 29 2243 2 30 34 38 5
L 42 2238 2846
D 41 2237 2 23 42 25 28
D 40 2235 2 18 41 26 28
D 16 2239 2 17 29 40 5
L 44 2214 -44
D 43 2213 2 15 44 13 5
D 47 2241 2 31 39 33 5
L 49 2246 -2850
D 48 2245 2 35 49 37 5
D 50 2241 2 31 32 33 28
D 46 2243 2 47 48 50 5
D 45 2239 2 17 46 40 5
D 51 2213 2 13 44 15 14
D 11 2215 3 12 16 43 45 51 5
L 53 2194 -536
D 52 2193 2 10 53 8 5
D 57 2245 2 37 49 35 5
D 56 2243 2 30 57 38 5
D 55 2239 2 17 56 40 5
D 60 2241 2 33 32 31 5
D 61 2241 2 33 39 31 28
D 59 2243 2 60 48 61 5
D 58 2239 2 17 59 40 5
D 54 2215 3 12 55 43 58 51 5
D 62 2193 2 8 53 10 9
D 6 2195 3 7 11 52 54 62 5
L 64 2102 -538
D 63 2101 2 4 64 2 5
D 69 2237 2 23 42 25 5
D 68 2235 2 18 69 26 5
D 70 2243 2 30 48 38 5
D 72 2237 2 23 24 25 28
D 71 2235 2 18 72 26 28
D 67 2239 2 68 70 71 5
D 75 2233 2 19 27 21 5
D 76 2233 2 19 20 21 28
D 74 2235 2 75 22 76 5
D 77 2235 2 75 41 76 28
D 73 2239 2 74 70 77 5
D 66 2215 3 12 67 43 73 51 5
D 81 2237 2 25 24 23 5
D 80 2235 2 18 81 26 5
D 83 2237 2 25 42 23 28
D 82 2235 2 18 83 26 28
D 79 2239 2 80 70 82 5
D 86 2233 2 21 20 19 5
D 87 2233 2 21 27 19 28
D 85 2235 2 86 22 87 5
D 88 2235 2 86 41 87 28
D 84 2239 2 85 70 88 5
D 78 2215 3 12 79 43 84 51 5
D 65 2195 3 7 66 52 78 62 5
D 89 2101 2 2 64 4 3
D 0 2103 3 1 6 63 65 89 5
