c ids of sdd nodes start at 0
c sdd nodes appear bottom-up, children before parents
c
c file syntax:
c sdd count-of-sdd-nodes
c F id-of-false-sdd-node
c T id-of-true-sdd-node
c L id-of-literal-sdd-node id-of-vtree literal
c D id-of-decomposition-sdd-node id-of-vtree number-of-elements {id-of-prime id-of-sub}*
c
sdd 90
L 2 2080 -41
L 3 2082 42
L 4 2080 41
F 5
D 1 2081 2 2 3 4 5
L 8 2100 -537
L 9 2102 538
L 10 2100 537
D 7 2101 2 8 9 10 5
L 13 2140 -527
L 14 2142 528
L 15 2140 527
D 12 2141 2 13 14 15 5
L 19 2176 -2851
L 20 2178 -2852
L 21 2176 2851
D 18 2177 2 19 20 21 5
L 23 2180 -2853
L 24 2182 -2854
L 25 2180 2853
D 22 2181 2 23 24 25 5
L 27 2178 2852
T 28
D 26 2177 2 19 27 21 28
D 17 2179 2 18 22 26 5
L 31 2184 -2855
L 32 2186 -2856
L 33 2184 2855
D 30 2185 2 31 32 33 5
L 35 2188 -2857
L 36 2190 2858
L 37 2188 2857
D 34 2189 2 35 36 37 5
L 39 2186 2856
D 38 2185 2 31 39 33 28
D 29 2187 2 30 34 38 5
L 42 2182 2854
D 41 2181 2 23 42 25 28
D 40 2179 2 18 41 26 28
D 16 2183 2 17 29 40 5
L 44 2142 -528
D 43 2141 2 15 44 13 5
D 47 2181 2 23 42 25 5
D 46 2179 2 18 47 26 5
L 50 2190 -2858
D 49 2189 2 35 50 37 5
D 48 2187 2 30 49 38 5
D 52 2181 2 23 24 25 28
D 51 2179 2 18 52 26 28
D 45 2183 2 46 48 51 5
D 53 2141 2 13 44 15 14
D 11 2143 3 12 16 43 45 53 5
L 55 2102 -538
D 54 2101 2 10 55 8 5
D 59 2189 2 37 50 35 5
D 58 2187 2 30 59 38 5
D 57 2183 2 17 58 40 5
D 62 2181 2 25 24 23 5
D 61 2179 2 18 62 26 5
D 64 2181 2 25 42 23 28
D 63 2179 2 18 64 26 28
D 60 2183 2 61 48 63 5
D 56 2143 3 12 57 43 60 53 5
D 65 2101 2 8 55 10 9
D 6 2103 3 7 11 54 56 65 5
L 67 2082 -42
D 66 2081 2 4 67 2 5
D 72 2185 2 31 39 33 5
D 73 2185 2 31 32 33 28
D 71 2187 2 72 49 73 5
D 70 2183 2 17 71 40 5
D 76 2177 2 19 27 21 5
D 77 2177 2 19 20 21 28
D 75 2179 2 76 22 77 5
D 78 2179 2 76 41 77 28
D 74 2183 2 75 48 78 5
D 69 2143 3 12 70 43 74 53 5
D 82 2185 2 33 32 31 5
D 83 2185 2 33 39 31 28
D 81 2187 2 82 49 83 5
D 80 2183 2 17 81 40 5
D 86 2177 2 21 20 19 5
D 87 2177 2 21 27 19 28
D 85 2179 2 86 22 87 5
D 88 2179 2 86 41 87 28
D 84 2183 2 85 48 88 5
D 79 2143 3 12 80 43 84 53 5
D 68 2103 3 7 69 54 79 65 5
D 89 2081 2 2 67 4 3
D 0 2083 3 1 6 66 68 89 5
