c ids of sdd nodes start at 0
c sdd nodes appear bottom-up, children before parents
c
c file syntax:
c sdd count-of-sdd-nodes
c F id-of-false-sdd-node
c T id-of-true-sdd-node
c L id-of-literal-sdd-node id-of-vtree literal
c D id-of-decomposition-sdd-node id-of-vtree number-of-elements {id-of-prime id-of-sub}*
c
sdd 90
L 2 156 -779
L 3 158 780
L 4 156 779
F 5
D 1 157 2 2 3 4 5
L 8 160 -539
L 9 162 540
L 10 160 539
D 7 161 2 8 9 10 5
L 13 248 -565
L 14 250 566
L 15 248 565
D 12 249 2 13 14 15 5
L 19 252 -2859
L 20 254 -2860
L 21 252 2859
D 18 253 2 19 20 21 5
L 23 256 -2861
L 24 258 -2862
L 25 256 2861
D 22 257 2 23 24 25 5
L 27 254 2860
T 28
D 26 253 2 19 27 21 28
D 17 255 2 18 22 26 5
L 31 260 -2863
L 32 262 -2864
L 33 260 2863
D 30 261 2 31 32 33 5
L 35 264 -2865
L 36 266 2866
L 37 264 2865
D 34 265 2 35 36 37 5
L 39 262 2864
D 38 261 2 31 39 33 28
D 29 263 2 30 34 38 5
L 42 258 2862
D 41 257 2 23 42 25 28
D 40 255 2 18 41 26 28
D 16 259 2 17 29 40 5
L 44 250 -566
D 43 249 2 15 44 13 5
D 47 261 2 31 39 33 5
L 49 266 -2866
D 48 265 2 35 49 37 5
D 50 261 2 31 32 33 28
D 46 263 2 47 48 50 5
D 45 259 2 17 46 40 5
D 51 249 2 13 44 15 14
D 11 251 3 12 16 43 45 51 5
L 53 162 -540
D 52 161 2 10 53 8 5
D 57 265 2 37 49 35 5
D 56 263 2 30 57 38 5
D 55 259 2 17 56 40 5
D 60 261 2 33 32 31 5
D 61 261 2 33 39 31 28
D 59 263 2 60 48 61 5
D 58 259 2 17 59 40 5
D 54 251 3 12 55 43 58 51 5
D 62 161 2 8 53 10 9
D 6 163 3 7 11 52 54 62 5
L 64 158 -780
D 63 157 2 4 64 2 5
D 69 257 2 23 42 25 5
D 68 255 2 18 69 26 5
D 70 263 2 30 48 38 5
D 72 257 2 23 24 25 28
D 71 255 2 18 72 26 28
D 67 259 2 68 70 71 5
D 75 253 2 19 27 21 5
D 76 253 2 19 20 21 28
D 74 255 2 75 22 76 5
D 77 255 2 75 41 76 28
D 73 259 2 74 70 77 5
D 66 251 3 12 67 43 73 51 5
D 81 257 2 25 24 23 5
D 80 255 2 18 81 26 5
D 83 257 2 25 42 23 28
D 82 255 2 18 83 26 28
D 79 259 2 80 70 82 5
D 86 253 2 21 20 19 5
D 87 253 2 21 27 19 28
D 85 255 2 86 22 87 5
D 88 255 2 86 41 87 28
D 84 259 2 85 70 88 5
D 78 251 3 12 79 43 84 51 5
D 65 163 3 7 66 52 78 62 5
D 89 157 2 2 64 4 3
D 0 159 3 1 6 63 65 89 5
