c ids of sdd nodes start at 0
c sdd nodes appear bottom-up, children before parents
c
c file syntax:
c sdd count-of-sdd-nodes
c F id-of-false-sdd-node
c T id-of-true-sdd-node
c L id-of-literal-sdd-node id-of-vtree literal
c D id-of-decomposition-sdd-node id-of-vtree number-of-elements {id-of-prime id-of-sub}*
c
sdd 90
L 2 92 -551
L 3 94 552
L 4 92 551
F 5
D 1 93 2 2 3 4 5
L 8 100 -541
L 9 102 542
L 10 100 541
D 7 101 2 8 9 10 5
L 13 592 -197
L 14 594 198
L 15 592 197
D 12 593 2 13 14 15 5
L 19 612 -2867
L 20 614 -2868
L 21 612 2867
D 18 613 2 19 20 21 5
L 23 616 -2869
L 24 618 -2870
L 25 616 2869
D 22 617 2 23 24 25 5
L 27 614 2868
T 28
D 26 613 2 19 27 21 28
D 17 615 2 18 22 26 5
L 31 620 -2871
L 32 622 -2872
L 33 620 2871
D 30 621 2 31 32 33 5
L 35 624 -2873
L 36 626 2874
L 37 624 2873
D 34 625 2 35 36 37 5
L 39 622 2872
D 38 621 2 31 39 33 28
D 29 623 2 30 34 38 5
L 42 618 2870
D 41 617 2 23 42 25 28
D 40 615 2 18 41 26 28
D 16 619 2 17 29 40 5
L 44 594 -198
D 43 593 2 15 44 13 5
D 47 621 2 31 39 33 5
L 49 626 -2874
D 48 625 2 35 49 37 5
D 50 621 2 31 32 33 28
D 46 623 2 47 48 50 5
D 45 619 2 17 46 40 5
D 51 593 2 13 44 15 14
D 11 595 3 12 16 43 45 51 5
L 53 102 -542
D 52 101 2 10 53 8 5
D 57 625 2 37 49 35 5
D 56 623 2 30 57 38 5
D 55 619 2 17 56 40 5
D 60 621 2 33 32 31 5
D 61 621 2 33 39 31 28
D 59 623 2 60 48 61 5
D 58 619 2 17 59 40 5
D 54 595 3 12 55 43 58 51 5
D 62 101 2 8 53 10 9
D 6 103 3 7 11 52 54 62 5
L 64 94 -552
D 63 93 2 4 64 2 5
D 69 617 2 23 42 25 5
D 68 615 2 18 69 26 5
D 70 623 2 30 48 38 5
D 72 617 2 23 24 25 28
D 71 615 2 18 72 26 28
D 67 619 2 68 70 71 5
D 75 613 2 19 27 21 5
D 76 613 2 19 20 21 28
D 74 615 2 75 22 76 5
D 77 615 2 75 41 76 28
D 73 619 2 74 70 77 5
D 66 595 3 12 67 43 73 51 5
D 81 617 2 25 24 23 5
D 80 615 2 18 81 26 5
D 83 617 2 25 42 23 28
D 82 615 2 18 83 26 28
D 79 619 2 80 70 82 5
D 86 613 2 21 20 19 5
D 87 613 2 21 27 19 28
D 85 615 2 86 22 87 5
D 88 615 2 86 41 87 28
D 84 619 2 85 70 88 5
D 78 595 3 12 79 43 84 51 5
D 65 103 3 7 66 52 78 62 5
D 89 93 2 2 64 4 3
D 0 95 3 1 6 63 65 89 5
