c ids of sdd nodes start at 0
c sdd nodes appear bottom-up, children before parents
c
c file syntax:
c sdd count-of-sdd-nodes
c F id-of-false-sdd-node
c T id-of-true-sdd-node
c L id-of-literal-sdd-node id-of-vtree literal
c D id-of-decomposition-sdd-node id-of-vtree number-of-elements {id-of-prime id-of-sub}*
c
sdd 90
L 2 100 -541
L 3 102 542
L 4 100 541
F 5
D 1 101 2 2 3 4 5
L 8 436 -195
L 9 438 196
L 10 436 195
D 7 437 2 8 9 10 5
L 13 444 -543
L 14 446 544
L 15 444 543
D 12 445 2 13 14 15 5
L 19 464 -2875
L 20 466 -2876
L 21 464 2875
D 18 465 2 19 20 21 5
L 23 468 -2877
L 24 470 -2878
L 25 468 2877
D 22 469 2 23 24 25 5
L 27 466 2876
T 28
D 26 465 2 19 27 21 28
D 17 467 2 18 22 26 5
L 31 472 -2879
L 32 474 -2880
L 33 472 2879
D 30 473 2 31 32 33 5
L 35 476 -2881
L 36 478 2882
L 37 476 2881
D 34 477 2 35 36 37 5
L 39 474 2880
D 38 473 2 31 39 33 28
D 29 475 2 30 34 38 5
L 42 470 2878
D 41 469 2 23 42 25 28
D 40 467 2 18 41 26 28
D 16 471 2 17 29 40 5
L 44 446 -544
D 43 445 2 15 44 13 5
L 48 478 -2882
D 47 477 2 37 48 35 5
D 46 475 2 30 47 38 5
D 45 471 2 17 46 40 5
D 49 445 2 13 44 15 14
D 11 447 3 12 16 43 45 49 5
L 51 438 -196
D 50 437 2 10 51 8 5
D 55 473 2 31 39 33 5
D 56 477 2 35 48 37 5
D 57 473 2 31 32 33 28
D 54 475 2 55 56 57 5
D 53 471 2 17 54 40 5
D 60 473 2 33 32 31 5
D 61 473 2 33 39 31 28
D 59 475 2 60 56 61 5
D 58 471 2 17 59 40 5
D 52 447 3 12 53 43 58 49 5
D 62 437 2 8 51 10 9
D 6 439 3 7 11 50 52 62 5
L 64 102 -542
D 63 101 2 4 64 2 5
D 69 469 2 23 42 25 5
D 68 467 2 18 69 26 5
D 70 475 2 30 56 38 5
D 72 469 2 23 24 25 28
D 71 467 2 18 72 26 28
D 67 471 2 68 70 71 5
D 75 469 2 25 24 23 5
D 74 467 2 18 75 26 5
D 77 469 2 25 42 23 28
D 76 467 2 18 77 26 28
D 73 471 2 74 70 76 5
D 66 447 3 12 67 43 73 49 5
D 81 465 2 19 27 21 5
D 82 465 2 19 20 21 28
D 80 467 2 81 22 82 5
D 83 467 2 81 41 82 28
D 79 471 2 80 70 83 5
D 86 465 2 21 20 19 5
D 87 465 2 21 27 19 28
D 85 467 2 86 22 87 5
D 88 467 2 86 41 87 28
D 84 471 2 85 70 88 5
D 78 447 3 12 79 43 84 49 5
D 65 439 3 7 66 50 78 62 5
D 89 101 2 2 64 4 3
D 0 103 3 1 6 63 65 89 5
