c ids of sdd nodes start at 0
c sdd nodes appear bottom-up, children before parents
c
c file syntax:
c sdd count-of-sdd-nodes
c F id-of-false-sdd-node
c T id-of-true-sdd-node
c L id-of-literal-sdd-node id-of-vtree literal
c D id-of-decomposition-sdd-node id-of-vtree number-of-elements {id-of-prime id-of-sub}*
c
sdd 90
L 2 48 -545
L 3 50 546
L 4 48 545
F 5
D 1 49 2 2 3 4 5
L 8 56 -189
L 9 58 190
L 10 56 189
D 7 57 2 8 9 10 5
L 13 4556 -559
L 14 4558 560
L 15 4556 559
D 12 4557 2 13 14 15 5
L 19 4576 -2883
L 20 4578 -2884
L 21 4576 2883
D 18 4577 2 19 20 21 5
L 23 4580 -2885
L 24 4582 -2886
L 25 4580 2885
D 22 4581 2 23 24 25 5
L 27 4578 2884
T 28
D 26 4577 2 19 27 21 28
D 17 4579 2 18 22 26 5
L 31 4584 -2887
L 32 4586 -2888
L 33 4584 2887
D 30 4585 2 31 32 33 5
L 35 4588 -2889
L 36 4590 2890
L 37 4588 2889
D 34 4589 2 35 36 37 5
L 39 4586 2888
D 38 4585 2 31 39 33 28
D 29 4587 2 30 34 38 5
L 42 4582 2886
D 41 4581 2 23 42 25 28
D 40 4579 2 18 41 26 28
D 16 4583 2 17 29 40 5
L 44 4558 -560
D 43 4557 2 15 44 13 5
D 47 4581 2 23 42 25 5
D 46 4579 2 18 47 26 5
L 50 4590 -2890
D 49 4589 2 35 50 37 5
D 48 4587 2 30 49 38 5
D 52 4581 2 23 24 25 28
D 51 4579 2 18 52 26 28
D 45 4583 2 46 48 51 5
D 53 4557 2 13 44 15 14
D 11 4559 3 12 16 43 45 53 5
L 55 58 -190
D 54 57 2 10 55 8 5
D 59 4585 2 31 39 33 5
D 60 4585 2 31 32 33 28
D 58 4587 2 59 49 60 5
D 57 4583 2 17 58 40 5
D 63 4577 2 19 27 21 5
D 64 4577 2 19 20 21 28
D 62 4579 2 63 22 64 5
D 65 4579 2 63 41 64 28
D 61 4583 2 62 48 65 5
D 56 4559 3 12 57 43 61 53 5
D 66 57 2 8 55 10 9
D 6 59 3 7 11 54 56 66 5
L 68 50 -546
D 67 49 2 4 68 2 5
D 73 4589 2 37 50 35 5
D 72 4587 2 30 73 38 5
D 71 4583 2 17 72 40 5
D 76 4581 2 25 24 23 5
D 75 4579 2 18 76 26 5
D 78 4581 2 25 42 23 28
D 77 4579 2 18 78 26 28
D 74 4583 2 75 48 77 5
D 70 4559 3 12 71 43 74 53 5
D 82 4585 2 33 32 31 5
D 83 4585 2 33 39 31 28
D 81 4587 2 82 49 83 5
D 80 4583 2 17 81 40 5
D 86 4577 2 21 20 19 5
D 87 4577 2 21 27 19 28
D 85 4579 2 86 22 87 5
D 88 4579 2 86 41 87 28
D 84 4583 2 85 48 88 5
D 79 4559 3 12 80 43 84 53 5
D 69 59 3 7 70 54 79 66 5
D 89 49 2 2 68 4 3
D 0 51 3 1 6 67 69 89 5
