c ids of sdd nodes start at 0
c sdd nodes appear bottom-up, children before parents
c
c file syntax:
c sdd count-of-sdd-nodes
c F id-of-false-sdd-node
c T id-of-true-sdd-node
c L id-of-literal-sdd-node id-of-vtree literal
c D id-of-decomposition-sdd-node id-of-vtree number-of-elements {id-of-prime id-of-sub}*
c
sdd 90
L 2 48 -545
L 3 50 546
L 4 48 545
F 5
D 1 49 2 2 3 4 5
L 8 96 -547
L 9 98 548
L 10 96 547
D 7 97 2 8 9 10 5
L 13 968 -187
L 14 970 188
L 15 968 187
D 12 969 2 13 14 15 5
L 19 1004 -2891
L 20 1006 -2892
L 21 1004 2891
D 18 1005 2 19 20 21 5
L 23 1008 -2893
L 24 1010 -2894
L 25 1008 2893
D 22 1009 2 23 24 25 5
L 27 1006 2892
T 28
D 26 1005 2 19 27 21 28
D 17 1007 2 18 22 26 5
L 31 1012 -2895
L 32 1014 -2896
L 33 1012 2895
D 30 1013 2 31 32 33 5
L 35 1016 -2897
L 36 1018 2898
L 37 1016 2897
D 34 1017 2 35 36 37 5
L 39 1014 2896
D 38 1013 2 31 39 33 28
D 29 1015 2 30 34 38 5
L 42 1010 2894
D 41 1009 2 23 42 25 28
D 40 1007 2 18 41 26 28
D 16 1011 2 17 29 40 5
L 44 970 -188
D 43 969 2 15 44 13 5
D 47 1013 2 31 39 33 5
L 49 1018 -2898
D 48 1017 2 35 49 37 5
D 50 1013 2 31 32 33 28
D 46 1015 2 47 48 50 5
D 45 1011 2 17 46 40 5
D 51 969 2 13 44 15 14
D 11 971 3 12 16 43 45 51 5
L 53 98 -548
D 52 97 2 10 53 8 5
D 57 1017 2 37 49 35 5
D 56 1015 2 30 57 38 5
D 55 1011 2 17 56 40 5
D 60 1013 2 33 32 31 5
D 61 1013 2 33 39 31 28
D 59 1015 2 60 48 61 5
D 58 1011 2 17 59 40 5
D 54 971 3 12 55 43 58 51 5
D 62 97 2 8 53 10 9
D 6 99 3 7 11 52 54 62 5
L 64 50 -546
D 63 49 2 4 64 2 5
D 69 1009 2 23 42 25 5
D 68 1007 2 18 69 26 5
D 70 1015 2 30 48 38 5
D 72 1009 2 23 24 25 28
D 71 1007 2 18 72 26 28
D 67 1011 2 68 70 71 5
D 75 1005 2 19 27 21 5
D 76 1005 2 19 20 21 28
D 74 1007 2 75 22 76 5
D 77 1007 2 75 41 76 28
D 73 1011 2 74 70 77 5
D 66 971 3 12 67 43 73 51 5
D 81 1009 2 25 24 23 5
D 80 1007 2 18 81 26 5
D 83 1009 2 25 42 23 28
D 82 1007 2 18 83 26 28
D 79 1011 2 80 70 82 5
D 86 1005 2 21 20 19 5
D 87 1005 2 21 27 19 28
D 85 1007 2 86 22 87 5
D 88 1007 2 86 41 87 28
D 84 1011 2 85 70 88 5
D 78 971 3 12 79 43 84 51 5
D 65 99 3 7 66 52 78 62 5
D 89 49 2 2 64 4 3
D 0 51 3 1 6 63 65 89 5
