c ids of sdd nodes start at 0
c sdd nodes appear bottom-up, children before parents
c
c file syntax:
c sdd count-of-sdd-nodes
c F id-of-false-sdd-node
c T id-of-true-sdd-node
c L id-of-literal-sdd-node id-of-vtree literal
c D id-of-decomposition-sdd-node id-of-vtree number-of-elements {id-of-prime id-of-sub}*
c
sdd 90
L 2 88 -175
L 3 90 176
L 4 88 175
F 5
D 1 89 2 2 3 4 5
L 8 4428 -557
L 9 4430 558
L 10 4428 557
D 7 4429 2 8 9 10 5
L 13 4556 -559
L 14 4558 560
L 15 4556 559
D 12 4557 2 13 14 15 5
L 19 4592 -2939
L 20 4594 -2940
L 21 4592 2939
D 18 4593 2 19 20 21 5
L 23 4596 -2941
L 24 4598 -2942
L 25 4596 2941
D 22 4597 2 23 24 25 5
L 27 4594 2940
T 28
D 26 4593 2 19 27 21 28
D 17 4595 2 18 22 26 5
L 31 4600 -2943
L 32 4602 -2944
L 33 4600 2943
D 30 4601 2 31 32 33 5
L 35 4604 -2945
L 36 4606 2946
L 37 4604 2945
D 34 4605 2 35 36 37 5
L 39 4602 2944
D 38 4601 2 31 39 33 28
D 29 4603 2 30 34 38 5
L 42 4598 2942
D 41 4597 2 23 42 25 28
D 40 4595 2 18 41 26 28
D 16 4599 2 17 29 40 5
L 44 4558 -560
D 43 4557 2 15 44 13 5
L 48 4606 -2946
D 47 4605 2 37 48 35 5
D 46 4603 2 30 47 38 5
D 45 4599 2 17 46 40 5
D 49 4557 2 13 44 15 14
D 11 4559 3 12 16 43 45 49 5
L 51 4430 -558
D 50 4429 2 10 51 8 5
D 55 4597 2 23 42 25 5
D 54 4595 2 18 55 26 5
D 57 4605 2 35 48 37 5
D 56 4603 2 30 57 38 5
D 59 4597 2 23 24 25 28
D 58 4595 2 18 59 26 28
D 53 4599 2 54 56 58 5
D 62 4597 2 25 24 23 5
D 61 4595 2 18 62 26 5
D 64 4597 2 25 42 23 28
D 63 4595 2 18 64 26 28
D 60 4599 2 61 56 63 5
D 52 4559 3 12 53 43 60 49 5
D 65 4429 2 8 51 10 9
D 6 4431 3 7 11 50 52 65 5
L 67 90 -176
D 66 89 2 4 67 2 5
D 72 4601 2 31 39 33 5
D 73 4601 2 31 32 33 28
D 71 4603 2 72 57 73 5
D 70 4599 2 17 71 40 5
D 76 4601 2 33 32 31 5
D 77 4601 2 33 39 31 28
D 75 4603 2 76 57 77 5
D 74 4599 2 17 75 40 5
D 69 4559 3 12 70 43 74 49 5
D 81 4593 2 19 27 21 5
D 82 4593 2 19 20 21 28
D 80 4595 2 81 22 82 5
D 83 4595 2 81 41 82 28
D 79 4599 2 80 56 83 5
D 86 4593 2 21 20 19 5
D 87 4593 2 21 27 19 28
D 85 4595 2 86 22 87 5
D 88 4595 2 86 41 87 28
D 84 4599 2 85 56 88 5
D 78 4559 3 12 79 43 84 49 5
D 68 4431 3 7 69 50 78 65 5
D 89 89 2 2 67 4 3
D 0 91 3 1 6 66 68 89 5
