c ids of sdd nodes start at 0
c sdd nodes appear bottom-up, children before parents
c
c file syntax:
c sdd count-of-sdd-nodes
c F id-of-false-sdd-node
c T id-of-true-sdd-node
c L id-of-literal-sdd-node id-of-vtree literal
c D id-of-decomposition-sdd-node id-of-vtree number-of-elements {id-of-prime id-of-sub}*
c
sdd 90
L 2 6968 -307
L 3 6970 308
L 4 6968 307
F 5
D 1 6969 2 2 3 4 5
L 8 6972 -109
L 9 6974 110
L 10 6972 109
D 7 6973 2 8 9 10 5
L 13 6992 -561
L 14 6994 562
L 15 6992 561
D 12 6993 2 13 14 15 5
L 19 7028 -2947
L 20 7030 -2948
L 21 7028 2947
D 18 7029 2 19 20 21 5
L 23 7032 -2949
L 24 7034 -2950
L 25 7032 2949
D 22 7033 2 23 24 25 5
L 27 7030 2948
T 28
D 26 7029 2 19 27 21 28
D 17 7031 2 18 22 26 5
L 31 7036 -2951
L 32 7038 -2952
L 33 7036 2951
D 30 7037 2 31 32 33 5
L 35 7040 -2953
L 36 7042 2954
L 37 7040 2953
D 34 7041 2 35 36 37 5
L 39 7038 2952
D 38 7037 2 31 39 33 28
D 29 7039 2 30 34 38 5
L 42 7034 2950
D 41 7033 2 23 42 25 28
D 40 7031 2 18 41 26 28
D 16 7035 2 17 29 40 5
L 44 6994 -562
D 43 6993 2 15 44 13 5
L 48 7042 -2954
D 47 7041 2 37 48 35 5
D 46 7039 2 30 47 38 5
D 45 7035 2 17 46 40 5
D 49 6993 2 13 44 15 14
D 11 6995 3 12 16 43 45 49 5
L 51 6974 -110
D 50 6973 2 10 51 8 5
D 55 7037 2 31 39 33 5
D 56 7041 2 35 48 37 5
D 57 7037 2 31 32 33 28
D 54 7039 2 55 56 57 5
D 53 7035 2 17 54 40 5
D 60 7037 2 33 32 31 5
D 61 7037 2 33 39 31 28
D 59 7039 2 60 56 61 5
D 58 7035 2 17 59 40 5
D 52 6995 3 12 53 43 58 49 5
D 62 6973 2 8 51 10 9
D 6 6975 3 7 11 50 52 62 5
L 64 6970 -308
D 63 6969 2 4 64 2 5
D 69 7033 2 23 42 25 5
D 68 7031 2 18 69 26 5
D 70 7039 2 30 56 38 5
D 72 7033 2 23 24 25 28
D 71 7031 2 18 72 26 28
D 67 7035 2 68 70 71 5
D 75 7033 2 25 24 23 5
D 74 7031 2 18 75 26 5
D 77 7033 2 25 42 23 28
D 76 7031 2 18 77 26 28
D 73 7035 2 74 70 76 5
D 66 6995 3 12 67 43 73 49 5
D 81 7029 2 19 27 21 5
D 82 7029 2 19 20 21 28
D 80 7031 2 81 22 82 5
D 83 7031 2 81 41 82 28
D 79 7035 2 80 70 83 5
D 86 7029 2 21 20 19 5
D 87 7029 2 21 27 19 28
D 85 7031 2 86 22 87 5
D 88 7031 2 86 41 87 28
D 84 7035 2 85 70 88 5
D 78 6995 3 12 79 43 84 49 5
D 65 6975 3 7 66 50 78 62 5
D 89 6969 2 2 64 4 3
D 0 6971 3 1 6 63 65 89 5
