c ids of sdd nodes start at 0
c sdd nodes appear bottom-up, children before parents
c
c file syntax:
c sdd count-of-sdd-nodes
c F id-of-false-sdd-node
c T id-of-true-sdd-node
c L id-of-literal-sdd-node id-of-vtree literal
c D id-of-decomposition-sdd-node id-of-vtree number-of-elements {id-of-prime id-of-sub}*
c
sdd 90
L 2 212 -401
L 3 214 402
L 4 212 401
F 5
D 1 213 2 2 3 4 5
L 8 248 -565
L 9 250 566
L 10 248 565
D 7 249 2 8 9 10 5
L 13 268 -451
L 14 270 452
L 15 268 451
D 12 269 2 13 14 15 5
L 19 288 -2963
L 20 290 -2964
L 21 288 2963
D 18 289 2 19 20 21 5
L 23 292 -2965
L 24 294 -2966
L 25 292 2965
D 22 293 2 23 24 25 5
L 27 290 2964
T 28
D 26 289 2 19 27 21 28
D 17 291 2 18 22 26 5
L 31 296 -2967
L 32 298 -2968
L 33 296 2967
D 30 297 2 31 32 33 5
L 35 300 -2969
L 36 302 2970
L 37 300 2969
D 34 301 2 35 36 37 5
L 39 298 2968
D 38 297 2 31 39 33 28
D 29 299 2 30 34 38 5
L 42 294 2966
D 41 293 2 23 42 25 28
D 40 291 2 18 41 26 28
D 16 295 2 17 29 40 5
L 44 270 -452
D 43 269 2 15 44 13 5
D 47 297 2 31 39 33 5
L 49 302 -2970
D 48 301 2 35 49 37 5
D 50 297 2 31 32 33 28
D 46 299 2 47 48 50 5
D 45 295 2 17 46 40 5
D 51 269 2 13 44 15 14
D 11 271 3 12 16 43 45 51 5
L 53 250 -566
D 52 249 2 10 53 8 5
D 57 301 2 37 49 35 5
D 56 299 2 30 57 38 5
D 55 295 2 17 56 40 5
D 60 297 2 33 32 31 5
D 61 297 2 33 39 31 28
D 59 299 2 60 48 61 5
D 58 295 2 17 59 40 5
D 54 271 3 12 55 43 58 51 5
D 62 249 2 8 53 10 9
D 6 251 3 7 11 52 54 62 5
L 64 214 -402
D 63 213 2 4 64 2 5
D 69 293 2 23 42 25 5
D 68 291 2 18 69 26 5
D 70 299 2 30 48 38 5
D 72 293 2 23 24 25 28
D 71 291 2 18 72 26 28
D 67 295 2 68 70 71 5
D 75 289 2 19 27 21 5
D 76 289 2 19 20 21 28
D 74 291 2 75 22 76 5
D 77 291 2 75 41 76 28
D 73 295 2 74 70 77 5
D 66 271 3 12 67 43 73 51 5
D 81 293 2 25 24 23 5
D 80 291 2 18 81 26 5
D 83 293 2 25 42 23 28
D 82 291 2 18 83 26 28
D 79 295 2 80 70 82 5
D 86 289 2 21 20 19 5
D 87 289 2 21 27 19 28
D 85 291 2 86 22 87 5
D 88 291 2 86 41 87 28
D 84 295 2 85 70 88 5
D 78 271 3 12 79 43 84 51 5
D 65 251 3 7 66 52 78 62 5
D 89 213 2 2 64 4 3
D 0 215 3 1 6 63 65 89 5
