c ids of sdd nodes start at 0
c sdd nodes appear bottom-up, children before parents
c
c file syntax:
c sdd count-of-sdd-nodes
c F id-of-false-sdd-node
c T id-of-true-sdd-node
c L id-of-literal-sdd-node id-of-vtree literal
c D id-of-decomposition-sdd-node id-of-vtree number-of-elements {id-of-prime id-of-sub}*
c
sdd 90
L 2 4220 -463
L 3 4222 464
L 4 4220 463
F 5
D 1 4221 2 2 3 4 5
L 8 4236 -505
L 9 4238 506
L 10 4236 505
D 7 4237 2 8 9 10 5
L 13 4376 -57
L 14 4378 58
L 15 4376 57
D 12 4377 2 13 14 15 5
L 19 4380 -1025
L 20 4382 -1026
L 21 4380 1025
D 18 4381 2 19 20 21 5
L 23 4384 -1027
L 24 4386 -1028
L 25 4384 1027
D 22 4385 2 23 24 25 5
L 27 4382 1026
T 28
D 26 4381 2 19 27 21 28
D 17 4383 2 18 22 26 5
L 31 4388 -1029
L 32 4390 -1030
L 33 4388 1029
D 30 4389 2 31 32 33 5
L 35 4392 -1031
L 36 4394 1032
L 37 4392 1031
D 34 4393 2 35 36 37 5
L 39 4390 1030
D 38 4389 2 31 39 33 28
D 29 4391 2 30 34 38 5
L 42 4386 1028
D 41 4385 2 23 42 25 28
D 40 4383 2 18 41 26 28
D 16 4387 2 17 29 40 5
L 44 4378 -58
D 43 4377 2 15 44 13 5
L 48 4394 -1032
D 47 4393 2 37 48 35 5
D 46 4391 2 30 47 38 5
D 45 4387 2 17 46 40 5
D 49 4377 2 13 44 15 14
D 11 4379 3 12 16 43 45 49 5
L 51 4238 -506
D 50 4237 2 10 51 8 5
D 55 4389 2 31 39 33 5
D 56 4393 2 35 48 37 5
D 57 4389 2 31 32 33 28
D 54 4391 2 55 56 57 5
D 53 4387 2 17 54 40 5
D 60 4389 2 33 32 31 5
D 61 4389 2 33 39 31 28
D 59 4391 2 60 56 61 5
D 58 4387 2 17 59 40 5
D 52 4379 3 12 53 43 58 49 5
D 62 4237 2 8 51 10 9
D 6 4239 3 7 11 50 52 62 5
L 64 4222 -464
D 63 4221 2 4 64 2 5
D 69 4385 2 23 42 25 5
D 68 4383 2 18 69 26 5
D 70 4391 2 30 56 38 5
D 72 4385 2 23 24 25 28
D 71 4383 2 18 72 26 28
D 67 4387 2 68 70 71 5
D 75 4385 2 25 24 23 5
D 74 4383 2 18 75 26 5
D 77 4385 2 25 42 23 28
D 76 4383 2 18 77 26 28
D 73 4387 2 74 70 76 5
D 66 4379 3 12 67 43 73 49 5
D 81 4381 2 19 27 21 5
D 82 4381 2 19 20 21 28
D 80 4383 2 81 22 82 5
D 83 4383 2 81 41 82 28
D 79 4387 2 80 70 83 5
D 86 4381 2 21 20 19 5
D 87 4381 2 21 27 19 28
D 85 4383 2 86 22 87 5
D 88 4383 2 86 41 87 28
D 84 4387 2 85 70 88 5
D 78 4379 3 12 79 43 84 49 5
D 65 4239 3 7 66 50 78 62 5
D 89 4221 2 2 64 4 3
D 0 4223 3 1 6 63 65 89 5
