c ids of sdd nodes start at 0
c sdd nodes appear bottom-up, children before parents
c
c file syntax:
c sdd count-of-sdd-nodes
c F id-of-false-sdd-node
c T id-of-true-sdd-node
c L id-of-literal-sdd-node id-of-vtree literal
c D id-of-decomposition-sdd-node id-of-vtree number-of-elements {id-of-prime id-of-sub}*
c
sdd 90
L 2 3628 -593
L 3 3630 594
L 4 3628 593
F 5
D 1 3629 2 2 3 4 5
L 8 3908 -595
L 9 3910 596
L 10 3908 595
D 7 3909 2 8 9 10 5
L 13 3916 -475
L 14 3918 476
L 15 3916 475
D 12 3917 2 13 14 15 5
L 19 3952 -3035
L 20 3954 -3036
L 21 3952 3035
D 18 3953 2 19 20 21 5
L 23 3956 -3037
L 24 3958 -3038
L 25 3956 3037
D 22 3957 2 23 24 25 5
L 27 3954 3036
T 28
D 26 3953 2 19 27 21 28
D 17 3955 2 18 22 26 5
L 31 3960 -3039
L 32 3962 -3040
L 33 3960 3039
D 30 3961 2 31 32 33 5
L 35 3964 -3041
L 36 3966 3042
L 37 3964 3041
D 34 3965 2 35 36 37 5
L 39 3962 3040
D 38 3961 2 31 39 33 28
D 29 3963 2 30 34 38 5
L 42 3958 3038
D 41 3957 2 23 42 25 28
D 40 3955 2 18 41 26 28
D 16 3959 2 17 29 40 5
L 44 3918 -476
D 43 3917 2 15 44 13 5
D 47 3961 2 31 39 33 5
L 49 3966 -3042
D 48 3965 2 35 49 37 5
D 50 3961 2 31 32 33 28
D 46 3963 2 47 48 50 5
D 45 3959 2 17 46 40 5
D 51 3917 2 13 44 15 14
D 11 3919 3 12 16 43 45 51 5
L 53 3910 -596
D 52 3909 2 10 53 8 5
D 57 3957 2 23 42 25 5
D 56 3955 2 18 57 26 5
D 58 3963 2 30 48 38 5
D 60 3957 2 23 24 25 28
D 59 3955 2 18 60 26 28
D 55 3959 2 56 58 59 5
D 63 3953 2 19 27 21 5
D 64 3953 2 19 20 21 28
D 62 3955 2 63 22 64 5
D 65 3955 2 63 41 64 28
D 61 3959 2 62 58 65 5
D 54 3919 3 12 55 43 61 51 5
D 66 3909 2 8 53 10 9
D 6 3911 3 7 11 52 54 66 5
L 68 3630 -594
D 67 3629 2 4 68 2 5
D 73 3965 2 37 49 35 5
D 72 3963 2 30 73 38 5
D 71 3959 2 17 72 40 5
D 76 3961 2 33 32 31 5
D 77 3961 2 33 39 31 28
D 75 3963 2 76 48 77 5
D 74 3959 2 17 75 40 5
D 70 3919 3 12 71 43 74 51 5
D 81 3957 2 25 24 23 5
D 80 3955 2 18 81 26 5
D 83 3957 2 25 42 23 28
D 82 3955 2 18 83 26 28
D 79 3959 2 80 58 82 5
D 86 3953 2 21 20 19 5
D 87 3953 2 21 27 19 28
D 85 3955 2 86 22 87 5
D 88 3955 2 86 41 87 28
D 84 3959 2 85 58 88 5
D 78 3919 3 12 79 43 84 51 5
D 69 3911 3 7 70 52 78 66 5
D 89 3629 2 2 68 4 3
D 0 3631 3 1 6 67 69 89 5
