c ids of sdd nodes start at 0
c sdd nodes appear bottom-up, children before parents
c
c file syntax:
c sdd count-of-sdd-nodes
c F id-of-false-sdd-node
c T id-of-true-sdd-node
c L id-of-literal-sdd-node id-of-vtree literal
c D id-of-decomposition-sdd-node id-of-vtree number-of-elements {id-of-prime id-of-sub}*
c
sdd 90
L 2 3908 -595
L 3 3910 596
L 4 3908 595
F 5
D 1 3909 2 2 3 4 5
L 8 3912 -473
L 9 3914 474
L 10 3912 473
D 7 3913 2 8 9 10 5
L 13 4044 -603
L 14 4046 604
L 15 4044 603
D 12 4045 2 13 14 15 5
L 19 4048 -3043
L 20 4050 -3044
L 21 4048 3043
D 18 4049 2 19 20 21 5
L 23 4052 -3045
L 24 4054 -3046
L 25 4052 3045
D 22 4053 2 23 24 25 5
L 27 4050 3044
T 28
D 26 4049 2 19 27 21 28
D 17 4051 2 18 22 26 5
L 31 4056 -3047
L 32 4058 -3048
L 33 4056 3047
D 30 4057 2 31 32 33 5
L 35 4060 -3049
L 36 4062 3050
L 37 4060 3049
D 34 4061 2 35 36 37 5
L 39 4058 3048
D 38 4057 2 31 39 33 28
D 29 4059 2 30 34 38 5
L 42 4054 3046
D 41 4053 2 23 42 25 28
D 40 4051 2 18 41 26 28
D 16 4055 2 17 29 40 5
L 44 4046 -604
D 43 4045 2 15 44 13 5
D 47 4053 2 23 42 25 5
D 46 4051 2 18 47 26 5
L 50 4062 -3050
D 49 4061 2 35 50 37 5
D 48 4059 2 30 49 38 5
D 52 4053 2 23 24 25 28
D 51 4051 2 18 52 26 28
D 45 4055 2 46 48 51 5
D 53 4045 2 13 44 15 14
D 11 4047 3 12 16 43 45 53 5
L 55 3914 -474
D 54 3913 2 10 55 8 5
D 59 4057 2 31 39 33 5
D 60 4057 2 31 32 33 28
D 58 4059 2 59 49 60 5
D 57 4055 2 17 58 40 5
D 63 4049 2 19 27 21 5
D 64 4049 2 19 20 21 28
D 62 4051 2 63 22 64 5
D 65 4051 2 63 41 64 28
D 61 4055 2 62 48 65 5
D 56 4047 3 12 57 43 61 53 5
D 66 3913 2 8 55 10 9
D 6 3915 3 7 11 54 56 66 5
L 68 3910 -596
D 67 3909 2 4 68 2 5
D 73 4061 2 37 50 35 5
D 72 4059 2 30 73 38 5
D 71 4055 2 17 72 40 5
D 76 4053 2 25 24 23 5
D 75 4051 2 18 76 26 5
D 78 4053 2 25 42 23 28
D 77 4051 2 18 78 26 28
D 74 4055 2 75 48 77 5
D 70 4047 3 12 71 43 74 53 5
D 82 4057 2 33 32 31 5
D 83 4057 2 33 39 31 28
D 81 4059 2 82 49 83 5
D 80 4055 2 17 81 40 5
D 86 4049 2 21 20 19 5
D 87 4049 2 21 27 19 28
D 85 4051 2 86 22 87 5
D 88 4051 2 86 41 87 28
D 84 4055 2 85 48 88 5
D 79 4047 3 12 80 43 84 53 5
D 69 3915 3 7 70 54 79 66 5
D 89 3909 2 2 68 4 3
D 0 3911 3 1 6 67 69 89 5
