c ids of sdd nodes start at 0
c sdd nodes appear bottom-up, children before parents
c
c file syntax:
c sdd count-of-sdd-nodes
c F id-of-false-sdd-node
c T id-of-true-sdd-node
c L id-of-literal-sdd-node id-of-vtree literal
c D id-of-decomposition-sdd-node id-of-vtree number-of-elements {id-of-prime id-of-sub}*
c
sdd 90
L 2 3384 -471
L 3 3386 472
L 4 3384 471
F 5
D 1 3385 2 2 3 4 5
L 8 3700 -599
L 9 3702 600
L 10 3700 599
D 7 3701 2 8 9 10 5
L 13 3720 -597
L 14 3722 598
L 15 3720 597
D 12 3721 2 13 14 15 5
L 19 3724 -3051
L 20 3726 -3052
L 21 3724 3051
D 18 3725 2 19 20 21 5
L 23 3728 -3053
L 24 3730 -3054
L 25 3728 3053
D 22 3729 2 23 24 25 5
L 27 3726 3052
T 28
D 26 3725 2 19 27 21 28
D 17 3727 2 18 22 26 5
L 31 3732 -3055
L 32 3734 -3056
L 33 3732 3055
D 30 3733 2 31 32 33 5
L 35 3736 -3057
L 36 3738 3058
L 37 3736 3057
D 34 3737 2 35 36 37 5
L 39 3734 3056
D 38 3733 2 31 39 33 28
D 29 3735 2 30 34 38 5
L 42 3730 3054
D 41 3729 2 23 42 25 28
D 40 3727 2 18 41 26 28
D 16 3731 2 17 29 40 5
L 44 3722 -598
D 43 3721 2 15 44 13 5
L 48 3738 -3058
D 47 3737 2 37 48 35 5
D 46 3735 2 30 47 38 5
D 45 3731 2 17 46 40 5
D 49 3721 2 13 44 15 14
D 11 3723 3 12 16 43 45 49 5
L 51 3702 -600
D 50 3701 2 10 51 8 5
D 55 3729 2 23 42 25 5
D 54 3727 2 18 55 26 5
D 57 3737 2 35 48 37 5
D 56 3735 2 30 57 38 5
D 59 3729 2 23 24 25 28
D 58 3727 2 18 59 26 28
D 53 3731 2 54 56 58 5
D 62 3729 2 25 24 23 5
D 61 3727 2 18 62 26 5
D 64 3729 2 25 42 23 28
D 63 3727 2 18 64 26 28
D 60 3731 2 61 56 63 5
D 52 3723 3 12 53 43 60 49 5
D 65 3701 2 8 51 10 9
D 6 3703 3 7 11 50 52 65 5
L 67 3386 -472
D 66 3385 2 4 67 2 5
D 72 3733 2 31 39 33 5
D 73 3733 2 31 32 33 28
D 71 3735 2 72 57 73 5
D 70 3731 2 17 71 40 5
D 76 3733 2 33 32 31 5
D 77 3733 2 33 39 31 28
D 75 3735 2 76 57 77 5
D 74 3731 2 17 75 40 5
D 69 3723 3 12 70 43 74 49 5
D 81 3725 2 19 27 21 5
D 82 3725 2 19 20 21 28
D 80 3727 2 81 22 82 5
D 83 3727 2 81 41 82 28
D 79 3731 2 80 56 83 5
D 86 3725 2 21 20 19 5
D 87 3725 2 21 27 19 28
D 85 3727 2 86 22 87 5
D 88 3727 2 86 41 87 28
D 84 3731 2 85 56 88 5
D 78 3723 3 12 79 43 84 49 5
D 68 3703 3 7 69 50 78 65 5
D 89 3385 2 2 67 4 3
D 0 3387 3 1 6 66 68 89 5
