c ids of sdd nodes start at 0
c sdd nodes appear bottom-up, children before parents
c
c file syntax:
c sdd count-of-sdd-nodes
c F id-of-false-sdd-node
c T id-of-true-sdd-node
c L id-of-literal-sdd-node id-of-vtree literal
c D id-of-decomposition-sdd-node id-of-vtree number-of-elements {id-of-prime id-of-sub}*
c
sdd 90
L 2 4240 -503
L 3 4242 504
L 4 4240 503
F 5
D 1 4241 2 2 3 4 5
L 8 4244 -59
L 9 4246 60
L 10 4244 59
D 7 4245 2 8 9 10 5
L 13 4376 -57
L 14 4378 58
L 15 4376 57
D 12 4377 2 13 14 15 5
L 19 4396 -1033
L 20 4398 -1034
L 21 4396 1033
D 18 4397 2 19 20 21 5
L 23 4400 -1035
L 24 4402 -1036
L 25 4400 1035
D 22 4401 2 23 24 25 5
L 27 4398 1034
T 28
D 26 4397 2 19 27 21 28
D 17 4399 2 18 22 26 5
L 31 4404 -1037
L 32 4406 -1038
L 33 4404 1037
D 30 4405 2 31 32 33 5
L 35 4408 -1039
L 36 4410 1040
L 37 4408 1039
D 34 4409 2 35 36 37 5
L 39 4406 1038
D 38 4405 2 31 39 33 28
D 29 4407 2 30 34 38 5
L 42 4402 1036
D 41 4401 2 23 42 25 28
D 40 4399 2 18 41 26 28
D 16 4403 2 17 29 40 5
L 44 4378 -58
D 43 4377 2 15 44 13 5
D 47 4401 2 23 42 25 5
D 46 4399 2 18 47 26 5
L 50 4410 -1040
D 49 4409 2 35 50 37 5
D 48 4407 2 30 49 38 5
D 52 4401 2 23 24 25 28
D 51 4399 2 18 52 26 28
D 45 4403 2 46 48 51 5
D 53 4377 2 13 44 15 14
D 11 4379 3 12 16 43 45 53 5
L 55 4246 -60
D 54 4245 2 10 55 8 5
D 59 4409 2 37 50 35 5
D 58 4407 2 30 59 38 5
D 57 4403 2 17 58 40 5
D 62 4401 2 25 24 23 5
D 61 4399 2 18 62 26 5
D 64 4401 2 25 42 23 28
D 63 4399 2 18 64 26 28
D 60 4403 2 61 48 63 5
D 56 4379 3 12 57 43 60 53 5
D 65 4245 2 8 55 10 9
D 6 4247 3 7 11 54 56 65 5
L 67 4242 -504
D 66 4241 2 4 67 2 5
D 72 4405 2 31 39 33 5
D 73 4405 2 31 32 33 28
D 71 4407 2 72 49 73 5
D 70 4403 2 17 71 40 5
D 76 4397 2 19 27 21 5
D 77 4397 2 19 20 21 28
D 75 4399 2 76 22 77 5
D 78 4399 2 76 41 77 28
D 74 4403 2 75 48 78 5
D 69 4379 3 12 70 43 74 53 5
D 82 4405 2 33 32 31 5
D 83 4405 2 33 39 31 28
D 81 4407 2 82 49 83 5
D 80 4403 2 17 81 40 5
D 86 4397 2 21 20 19 5
D 87 4397 2 21 27 19 28
D 85 4399 2 86 22 87 5
D 88 4399 2 86 41 87 28
D 84 4403 2 85 48 88 5
D 79 4379 3 12 80 43 84 53 5
D 68 4247 3 7 69 54 79 65 5
D 89 4241 2 2 67 4 3
D 0 4243 3 1 6 66 68 89 5
