c ids of sdd nodes start at 0
c sdd nodes appear bottom-up, children before parents
c
c file syntax:
c sdd count-of-sdd-nodes
c F id-of-false-sdd-node
c T id-of-true-sdd-node
c L id-of-literal-sdd-node id-of-vtree literal
c D id-of-decomposition-sdd-node id-of-vtree number-of-elements {id-of-prime id-of-sub}*
c
sdd 90
L 2 2548 -3
L 3 2550 4
L 4 2548 3
F 5
D 1 2549 2 2 3 4 5
L 8 2728 -349
L 9 2730 350
L 10 2728 349
D 7 2729 2 8 9 10 5
L 13 2912 -5
L 14 2914 6
L 15 2912 5
D 12 2913 2 13 14 15 5
L 19 2916 -817
L 20 2918 -818
L 21 2916 817
D 18 2917 2 19 20 21 5
L 23 2920 -819
L 24 2922 -820
L 25 2920 819
D 22 2921 2 23 24 25 5
L 27 2918 818
T 28
D 26 2917 2 19 27 21 28
D 17 2919 2 18 22 26 5
L 31 2924 -821
L 32 2926 -822
L 33 2924 821
D 30 2925 2 31 32 33 5
L 35 2928 -823
L 36 2930 824
L 37 2928 823
D 34 2929 2 35 36 37 5
L 39 2926 822
D 38 2925 2 31 39 33 28
D 29 2927 2 30 34 38 5
L 42 2922 820
D 41 2921 2 23 42 25 28
D 40 2919 2 18 41 26 28
D 16 2923 2 17 29 40 5
L 44 2914 -6
D 43 2913 2 15 44 13 5
L 48 2930 -824
D 47 2929 2 37 48 35 5
D 46 2927 2 30 47 38 5
D 45 2923 2 17 46 40 5
D 49 2913 2 13 44 15 14
D 11 2915 3 12 16 43 45 49 5
L 51 2730 -350
D 50 2729 2 10 51 8 5
D 55 2925 2 31 39 33 5
D 56 2929 2 35 48 37 5
D 57 2925 2 31 32 33 28
D 54 2927 2 55 56 57 5
D 53 2923 2 17 54 40 5
D 60 2925 2 33 32 31 5
D 61 2925 2 33 39 31 28
D 59 2927 2 60 56 61 5
D 58 2923 2 17 59 40 5
D 52 2915 3 12 53 43 58 49 5
D 62 2729 2 8 51 10 9
D 6 2731 3 7 11 50 52 62 5
L 64 2550 -4
D 63 2549 2 4 64 2 5
D 69 2921 2 23 42 25 5
D 68 2919 2 18 69 26 5
D 70 2927 2 30 56 38 5
D 72 2921 2 23 24 25 28
D 71 2919 2 18 72 26 28
D 67 2923 2 68 70 71 5
D 75 2921 2 25 24 23 5
D 74 2919 2 18 75 26 5
D 77 2921 2 25 42 23 28
D 76 2919 2 18 77 26 28
D 73 2923 2 74 70 76 5
D 66 2915 3 12 67 43 73 49 5
D 81 2917 2 19 27 21 5
D 82 2917 2 19 20 21 28
D 80 2919 2 81 22 82 5
D 83 2919 2 81 41 82 28
D 79 2923 2 80 70 83 5
D 86 2917 2 21 20 19 5
D 87 2917 2 21 27 19 28
D 85 2919 2 86 22 87 5
D 88 2919 2 86 41 87 28
D 84 2923 2 85 70 88 5
D 78 2915 3 12 79 43 84 49 5
D 65 2731 3 7 66 50 78 62 5
D 89 2549 2 2 64 4 3
D 0 2551 3 1 6 63 65 89 5
