c ids of sdd nodes start at 0
c sdd nodes appear bottom-up, children before parents
c
c file syntax:
c sdd count-of-sdd-nodes
c F id-of-false-sdd-node
c T id-of-true-sdd-node
c L id-of-literal-sdd-node id-of-vtree literal
c D id-of-decomposition-sdd-node id-of-vtree number-of-elements {id-of-prime id-of-sub}*
c
sdd 90
L 2 132 -617
L 3 134 618
L 4 132 617
F 5
D 1 133 2 2 3 4 5
L 8 304 -611
L 9 306 612
L 10 304 611
D 7 305 2 8 9 10 5
L 13 324 -259
L 14 326 260
L 15 324 259
D 12 325 2 13 14 15 5
L 19 344 -3103
L 20 346 -3104
L 21 344 3103
D 18 345 2 19 20 21 5
L 23 348 -3105
L 24 350 -3106
L 25 348 3105
D 22 349 2 23 24 25 5
L 27 346 3104
T 28
D 26 345 2 19 27 21 28
D 17 347 2 18 22 26 5
L 31 352 -3107
L 32 354 -3108
L 33 352 3107
D 30 353 2 31 32 33 5
L 35 356 -3109
L 36 358 3110
L 37 356 3109
D 34 357 2 35 36 37 5
L 39 354 3108
D 38 353 2 31 39 33 28
D 29 355 2 30 34 38 5
L 42 350 3106
D 41 349 2 23 42 25 28
D 40 347 2 18 41 26 28
D 16 351 2 17 29 40 5
L 44 326 -260
D 43 325 2 15 44 13 5
D 47 353 2 31 39 33 5
L 49 358 -3110
D 48 357 2 35 49 37 5
D 50 353 2 31 32 33 28
D 46 355 2 47 48 50 5
D 45 351 2 17 46 40 5
D 51 325 2 13 44 15 14
D 11 327 3 12 16 43 45 51 5
L 53 306 -612
D 52 305 2 10 53 8 5
D 57 357 2 37 49 35 5
D 56 355 2 30 57 38 5
D 55 351 2 17 56 40 5
D 60 353 2 33 32 31 5
D 61 353 2 33 39 31 28
D 59 355 2 60 48 61 5
D 58 351 2 17 59 40 5
D 54 327 3 12 55 43 58 51 5
D 62 305 2 8 53 10 9
D 6 307 3 7 11 52 54 62 5
L 64 134 -618
D 63 133 2 4 64 2 5
D 69 349 2 23 42 25 5
D 68 347 2 18 69 26 5
D 70 355 2 30 48 38 5
D 72 349 2 23 24 25 28
D 71 347 2 18 72 26 28
D 67 351 2 68 70 71 5
D 75 345 2 19 27 21 5
D 76 345 2 19 20 21 28
D 74 347 2 75 22 76 5
D 77 347 2 75 41 76 28
D 73 351 2 74 70 77 5
D 66 327 3 12 67 43 73 51 5
D 81 349 2 25 24 23 5
D 80 347 2 18 81 26 5
D 83 349 2 25 42 23 28
D 82 347 2 18 83 26 28
D 79 351 2 80 70 82 5
D 86 345 2 21 20 19 5
D 87 345 2 21 27 19 28
D 85 347 2 86 22 87 5
D 88 347 2 86 41 87 28
D 84 351 2 85 70 88 5
D 78 327 3 12 79 43 84 51 5
D 65 307 3 7 66 52 78 62 5
D 89 133 2 2 64 4 3
D 0 135 3 1 6 63 65 89 5
