c ids of sdd nodes start at 0
c sdd nodes appear bottom-up, children before parents
c
c file syntax:
c sdd count-of-sdd-nodes
c F id-of-false-sdd-node
c T id-of-true-sdd-node
c L id-of-literal-sdd-node id-of-vtree literal
c D id-of-decomposition-sdd-node id-of-vtree number-of-elements {id-of-prime id-of-sub}*
c
sdd 90
L 2 204 -613
L 3 206 614
L 4 204 613
F 5
D 1 205 2 2 3 4 5
L 8 304 -611
L 9 306 612
L 10 304 611
D 7 305 2 8 9 10 5
L 13 360 -257
L 14 362 258
L 15 360 257
D 12 361 2 13 14 15 5
L 19 364 -3111
L 20 366 -3112
L 21 364 3111
D 18 365 2 19 20 21 5
L 23 368 -3113
L 24 370 -3114
L 25 368 3113
D 22 369 2 23 24 25 5
L 27 366 3112
T 28
D 26 365 2 19 27 21 28
D 17 367 2 18 22 26 5
L 31 372 -3115
L 32 374 -3116
L 33 372 3115
D 30 373 2 31 32 33 5
L 35 376 -3117
L 36 378 3118
L 37 376 3117
D 34 377 2 35 36 37 5
L 39 374 3116
D 38 373 2 31 39 33 28
D 29 375 2 30 34 38 5
L 42 370 3114
D 41 369 2 23 42 25 28
D 40 367 2 18 41 26 28
D 16 371 2 17 29 40 5
L 44 362 -258
D 43 361 2 15 44 13 5
D 47 373 2 31 39 33 5
L 49 378 -3118
D 48 377 2 35 49 37 5
D 50 373 2 31 32 33 28
D 46 375 2 47 48 50 5
D 45 371 2 17 46 40 5
D 51 361 2 13 44 15 14
D 11 363 3 12 16 43 45 51 5
L 53 306 -612
D 52 305 2 10 53 8 5
D 57 369 2 23 42 25 5
D 56 367 2 18 57 26 5
D 58 375 2 30 48 38 5
D 60 369 2 23 24 25 28
D 59 367 2 18 60 26 28
D 55 371 2 56 58 59 5
D 63 365 2 19 27 21 5
D 64 365 2 19 20 21 28
D 62 367 2 63 22 64 5
D 65 367 2 63 41 64 28
D 61 371 2 62 58 65 5
D 54 363 3 12 55 43 61 51 5
D 66 305 2 8 53 10 9
D 6 307 3 7 11 52 54 66 5
L 68 206 -614
D 67 205 2 4 68 2 5
D 73 377 2 37 49 35 5
D 72 375 2 30 73 38 5
D 71 371 2 17 72 40 5
D 76 373 2 33 32 31 5
D 77 373 2 33 39 31 28
D 75 375 2 76 48 77 5
D 74 371 2 17 75 40 5
D 70 363 3 12 71 43 74 51 5
D 81 369 2 25 24 23 5
D 80 367 2 18 81 26 5
D 83 369 2 25 42 23 28
D 82 367 2 18 83 26 28
D 79 371 2 80 58 82 5
D 86 365 2 21 20 19 5
D 87 365 2 21 27 19 28
D 85 367 2 86 22 87 5
D 88 367 2 86 41 87 28
D 84 371 2 85 58 88 5
D 78 363 3 12 79 43 84 51 5
D 69 307 3 7 70 52 78 66 5
D 89 205 2 2 68 4 3
D 0 207 3 1 6 67 69 89 5
