c ids of sdd nodes start at 0
c sdd nodes appear bottom-up, children before parents
c
c file syntax:
c sdd count-of-sdd-nodes
c F id-of-false-sdd-node
c T id-of-true-sdd-node
c L id-of-literal-sdd-node id-of-vtree literal
c D id-of-decomposition-sdd-node id-of-vtree number-of-elements {id-of-prime id-of-sub}*
c
sdd 90
L 2 744 -615
L 3 746 616
L 4 744 615
F 5
D 1 745 2 2 3 4 5
L 8 788 -621
L 9 790 622
L 10 788 621
D 7 789 2 8 9 10 5
L 13 880 -247
L 14 882 248
L 15 880 247
D 12 881 2 13 14 15 5
L 19 884 -3119
L 20 886 -3120
L 21 884 3119
D 18 885 2 19 20 21 5
L 23 888 -3121
L 24 890 -3122
L 25 888 3121
D 22 889 2 23 24 25 5
L 27 886 3120
T 28
D 26 885 2 19 27 21 28
D 17 887 2 18 22 26 5
L 31 892 -3123
L 32 894 -3124
L 33 892 3123
D 30 893 2 31 32 33 5
L 35 896 -3125
L 36 898 3126
L 37 896 3125
D 34 897 2 35 36 37 5
L 39 894 3124
D 38 893 2 31 39 33 28
D 29 895 2 30 34 38 5
L 42 890 3122
D 41 889 2 23 42 25 28
D 40 887 2 18 41 26 28
D 16 891 2 17 29 40 5
L 44 882 -248
D 43 881 2 15 44 13 5
D 47 893 2 31 39 33 5
L 49 898 -3126
D 48 897 2 35 49 37 5
D 50 893 2 31 32 33 28
D 46 895 2 47 48 50 5
D 45 891 2 17 46 40 5
D 51 881 2 13 44 15 14
D 11 883 3 12 16 43 45 51 5
L 53 790 -622
D 52 789 2 10 53 8 5
D 57 889 2 23 42 25 5
D 56 887 2 18 57 26 5
D 58 895 2 30 48 38 5
D 60 889 2 23 24 25 28
D 59 887 2 18 60 26 28
D 55 891 2 56 58 59 5
D 63 885 2 19 27 21 5
D 64 885 2 19 20 21 28
D 62 887 2 63 22 64 5
D 65 887 2 63 41 64 28
D 61 891 2 62 58 65 5
D 54 883 3 12 55 43 61 51 5
D 66 789 2 8 53 10 9
D 6 791 3 7 11 52 54 66 5
L 68 746 -616
D 67 745 2 4 68 2 5
D 73 897 2 37 49 35 5
D 72 895 2 30 73 38 5
D 71 891 2 17 72 40 5
D 76 893 2 33 32 31 5
D 77 893 2 33 39 31 28
D 75 895 2 76 48 77 5
D 74 891 2 17 75 40 5
D 70 883 3 12 71 43 74 51 5
D 81 889 2 25 24 23 5
D 80 887 2 18 81 26 5
D 83 889 2 25 42 23 28
D 82 887 2 18 83 26 28
D 79 891 2 80 58 82 5
D 86 885 2 21 20 19 5
D 87 885 2 21 27 19 28
D 85 887 2 86 22 87 5
D 88 887 2 86 41 87 28
D 84 891 2 85 58 88 5
D 78 883 3 12 79 43 84 51 5
D 69 791 3 7 70 52 78 66 5
D 89 745 2 2 68 4 3
D 0 747 3 1 6 67 69 89 5
