c ids of sdd nodes start at 0
c sdd nodes appear bottom-up, children before parents
c
c file syntax:
c sdd count-of-sdd-nodes
c F id-of-false-sdd-node
c T id-of-true-sdd-node
c L id-of-literal-sdd-node id-of-vtree literal
c D id-of-decomposition-sdd-node id-of-vtree number-of-elements {id-of-prime id-of-sub}*
c
sdd 90
L 2 132 -617
L 3 134 618
L 4 132 617
F 5
D 1 133 2 2 3 4 5
L 8 144 -245
L 9 146 246
L 10 144 245
D 7 145 2 8 9 10 5
L 13 744 -615
L 14 746 616
L 15 744 615
D 12 745 2 13 14 15 5
L 19 748 -3127
L 20 750 -3128
L 21 748 3127
D 18 749 2 19 20 21 5
L 23 752 -3129
L 24 754 -3130
L 25 752 3129
D 22 753 2 23 24 25 5
L 27 750 3128
T 28
D 26 749 2 19 27 21 28
D 17 751 2 18 22 26 5
L 31 756 -3131
L 32 758 -3132
L 33 756 3131
D 30 757 2 31 32 33 5
L 35 760 -3133
L 36 762 3134
L 37 760 3133
D 34 761 2 35 36 37 5
L 39 758 3132
D 38 757 2 31 39 33 28
D 29 759 2 30 34 38 5
L 42 754 3130
D 41 753 2 23 42 25 28
D 40 751 2 18 41 26 28
D 16 755 2 17 29 40 5
L 44 746 -616
D 43 745 2 15 44 13 5
D 47 753 2 23 42 25 5
D 46 751 2 18 47 26 5
L 50 762 -3134
D 49 761 2 35 50 37 5
D 48 759 2 30 49 38 5
D 52 753 2 23 24 25 28
D 51 751 2 18 52 26 28
D 45 755 2 46 48 51 5
D 53 745 2 13 44 15 14
D 11 747 3 12 16 43 45 53 5
L 55 146 -246
D 54 145 2 10 55 8 5
D 59 757 2 31 39 33 5
D 60 757 2 31 32 33 28
D 58 759 2 59 49 60 5
D 57 755 2 17 58 40 5
D 63 749 2 19 27 21 5
D 64 749 2 19 20 21 28
D 62 751 2 63 22 64 5
D 65 751 2 63 41 64 28
D 61 755 2 62 48 65 5
D 56 747 3 12 57 43 61 53 5
D 66 145 2 8 55 10 9
D 6 147 3 7 11 54 56 66 5
L 68 134 -618
D 67 133 2 4 68 2 5
D 73 761 2 37 50 35 5
D 72 759 2 30 73 38 5
D 71 755 2 17 72 40 5
D 76 753 2 25 24 23 5
D 75 751 2 18 76 26 5
D 78 753 2 25 42 23 28
D 77 751 2 18 78 26 28
D 74 755 2 75 48 77 5
D 70 747 3 12 71 43 74 53 5
D 82 757 2 33 32 31 5
D 83 757 2 33 39 31 28
D 81 759 2 82 49 83 5
D 80 755 2 17 81 40 5
D 86 749 2 21 20 19 5
D 87 749 2 21 27 19 28
D 85 751 2 86 22 87 5
D 88 751 2 86 41 87 28
D 84 755 2 85 48 88 5
D 79 747 3 12 80 43 84 53 5
D 69 147 3 7 70 54 79 66 5
D 89 133 2 2 68 4 3
D 0 135 3 1 6 67 69 89 5
