c ids of sdd nodes start at 0
c sdd nodes appear bottom-up, children before parents
c
c file syntax:
c sdd count-of-sdd-nodes
c F id-of-false-sdd-node
c T id-of-true-sdd-node
c L id-of-literal-sdd-node id-of-vtree literal
c D id-of-decomposition-sdd-node id-of-vtree number-of-elements {id-of-prime id-of-sub}*
c
sdd 90
L 2 0 -243
L 3 2 244
L 4 0 243
F 5
D 1 1 2 2 3 4 5
L 8 60 -625
L 9 62 626
L 10 60 625
D 7 61 2 8 9 10 5
L 13 768 -619
L 14 770 620
L 15 768 619
D 12 769 2 13 14 15 5
L 19 772 -3135
L 20 774 -3136
L 21 772 3135
D 18 773 2 19 20 21 5
L 23 776 -3137
L 24 778 -3138
L 25 776 3137
D 22 777 2 23 24 25 5
L 27 774 3136
T 28
D 26 773 2 19 27 21 28
D 17 775 2 18 22 26 5
L 31 780 -3139
L 32 782 -3140
L 33 780 3139
D 30 781 2 31 32 33 5
L 35 784 -3141
L 36 786 3142
L 37 784 3141
D 34 785 2 35 36 37 5
L 39 782 3140
D 38 781 2 31 39 33 28
D 29 783 2 30 34 38 5
L 42 778 3138
D 41 777 2 23 42 25 28
D 40 775 2 18 41 26 28
D 16 779 2 17 29 40 5
L 44 770 -620
D 43 769 2 15 44 13 5
L 48 786 -3142
D 47 785 2 37 48 35 5
D 46 783 2 30 47 38 5
D 45 779 2 17 46 40 5
D 49 769 2 13 44 15 14
D 11 771 3 12 16 43 45 49 5
L 51 62 -626
D 50 61 2 10 51 8 5
D 55 777 2 23 42 25 5
D 54 775 2 18 55 26 5
D 57 785 2 35 48 37 5
D 56 783 2 30 57 38 5
D 59 777 2 23 24 25 28
D 58 775 2 18 59 26 28
D 53 779 2 54 56 58 5
D 62 777 2 25 24 23 5
D 61 775 2 18 62 26 5
D 64 777 2 25 42 23 28
D 63 775 2 18 64 26 28
D 60 779 2 61 56 63 5
D 52 771 3 12 53 43 60 49 5
D 65 61 2 8 51 10 9
D 6 63 3 7 11 50 52 65 5
L 67 2 -244
D 66 1 2 4 67 2 5
D 72 781 2 31 39 33 5
D 73 781 2 31 32 33 28
D 71 783 2 72 57 73 5
D 70 779 2 17 71 40 5
D 76 781 2 33 32 31 5
D 77 781 2 33 39 31 28
D 75 783 2 76 57 77 5
D 74 779 2 17 75 40 5
D 69 771 3 12 70 43 74 49 5
D 81 773 2 19 27 21 5
D 82 773 2 19 20 21 28
D 80 775 2 81 22 82 5
D 83 775 2 81 41 82 28
D 79 779 2 80 56 83 5
D 86 773 2 21 20 19 5
D 87 773 2 21 27 19 28
D 85 775 2 86 22 87 5
D 88 775 2 86 41 87 28
D 84 779 2 85 56 88 5
D 78 771 3 12 79 43 84 49 5
D 68 63 3 7 69 50 78 65 5
D 89 1 2 2 67 4 3
D 0 3 3 1 6 66 68 89 5
