c ids of sdd nodes start at 0
c sdd nodes appear bottom-up, children before parents
c
c file syntax:
c sdd count-of-sdd-nodes
c F id-of-false-sdd-node
c T id-of-true-sdd-node
c L id-of-literal-sdd-node id-of-vtree literal
c D id-of-decomposition-sdd-node id-of-vtree number-of-elements {id-of-prime id-of-sub}*
c
sdd 90
L 2 108 -61
L 3 110 62
L 4 108 61
F 5
D 1 109 2 2 3 4 5
L 8 120 -487
L 9 122 488
L 10 120 487
D 7 121 2 8 9 10 5
L 13 500 -305
L 14 502 306
L 15 500 305
D 12 501 2 13 14 15 5
L 19 504 -1041
L 20 506 -1042
L 21 504 1041
D 18 505 2 19 20 21 5
L 23 508 -1043
L 24 510 -1044
L 25 508 1043
D 22 509 2 23 24 25 5
L 27 506 1042
T 28
D 26 505 2 19 27 21 28
D 17 507 2 18 22 26 5
L 31 512 -1045
L 32 514 -1046
L 33 512 1045
D 30 513 2 31 32 33 5
L 35 516 -1047
L 36 518 1048
L 37 516 1047
D 34 517 2 35 36 37 5
L 39 514 1046
D 38 513 2 31 39 33 28
D 29 515 2 30 34 38 5
L 42 510 1044
D 41 509 2 23 42 25 28
D 40 507 2 18 41 26 28
D 16 511 2 17 29 40 5
L 44 502 -306
D 43 501 2 15 44 13 5
D 47 513 2 31 39 33 5
L 49 518 -1048
D 48 517 2 35 49 37 5
D 50 513 2 31 32 33 28
D 46 515 2 47 48 50 5
D 45 511 2 17 46 40 5
D 51 501 2 13 44 15 14
D 11 503 3 12 16 43 45 51 5
L 53 122 -488
D 52 121 2 10 53 8 5
D 57 509 2 23 42 25 5
D 56 507 2 18 57 26 5
D 58 515 2 30 48 38 5
D 60 509 2 23 24 25 28
D 59 507 2 18 60 26 28
D 55 511 2 56 58 59 5
D 63 505 2 19 27 21 5
D 64 505 2 19 20 21 28
D 62 507 2 63 22 64 5
D 65 507 2 63 41 64 28
D 61 511 2 62 58 65 5
D 54 503 3 12 55 43 61 51 5
D 66 121 2 8 53 10 9
D 6 123 3 7 11 52 54 66 5
L 68 110 -62
D 67 109 2 4 68 2 5
D 73 517 2 37 49 35 5
D 72 515 2 30 73 38 5
D 71 511 2 17 72 40 5
D 76 513 2 33 32 31 5
D 77 513 2 33 39 31 28
D 75 515 2 76 48 77 5
D 74 511 2 17 75 40 5
D 70 503 3 12 71 43 74 51 5
D 81 509 2 25 24 23 5
D 80 507 2 18 81 26 5
D 83 509 2 25 42 23 28
D 82 507 2 18 83 26 28
D 79 511 2 80 58 82 5
D 86 505 2 21 20 19 5
D 87 505 2 21 27 19 28
D 85 507 2 86 22 87 5
D 88 507 2 86 41 87 28
D 84 511 2 85 58 88 5
D 78 503 3 12 79 43 84 51 5
D 69 123 3 7 70 52 78 66 5
D 89 109 2 2 68 4 3
D 0 111 3 1 6 67 69 89 5
