c ids of sdd nodes start at 0
c sdd nodes appear bottom-up, children before parents
c
c file syntax:
c sdd count-of-sdd-nodes
c F id-of-false-sdd-node
c T id-of-true-sdd-node
c L id-of-literal-sdd-node id-of-vtree literal
c D id-of-decomposition-sdd-node id-of-vtree number-of-elements {id-of-prime id-of-sub}*
c
sdd 90
L 2 768 -619
L 3 770 620
L 4 768 619
F 5
D 1 769 2 2 3 4 5
L 8 788 -621
L 9 790 622
L 10 788 621
D 7 789 2 8 9 10 5
L 13 844 -241
L 14 846 242
L 15 844 241
D 12 845 2 13 14 15 5
L 19 864 -3143
L 20 866 -3144
L 21 864 3143
D 18 865 2 19 20 21 5
L 23 868 -3145
L 24 870 -3146
L 25 868 3145
D 22 869 2 23 24 25 5
L 27 866 3144
T 28
D 26 865 2 19 27 21 28
D 17 867 2 18 22 26 5
L 31 872 -3147
L 32 874 -3148
L 33 872 3147
D 30 873 2 31 32 33 5
L 35 876 -3149
L 36 878 3150
L 37 876 3149
D 34 877 2 35 36 37 5
L 39 874 3148
D 38 873 2 31 39 33 28
D 29 875 2 30 34 38 5
L 42 870 3146
D 41 869 2 23 42 25 28
D 40 867 2 18 41 26 28
D 16 871 2 17 29 40 5
L 44 846 -242
D 43 845 2 15 44 13 5
D 47 873 2 31 39 33 5
L 49 878 -3150
D 48 877 2 35 49 37 5
D 50 873 2 31 32 33 28
D 46 875 2 47 48 50 5
D 45 871 2 17 46 40 5
D 51 845 2 13 44 15 14
D 11 847 3 12 16 43 45 51 5
L 53 790 -622
D 52 789 2 10 53 8 5
D 57 877 2 37 49 35 5
D 56 875 2 30 57 38 5
D 55 871 2 17 56 40 5
D 60 873 2 33 32 31 5
D 61 873 2 33 39 31 28
D 59 875 2 60 48 61 5
D 58 871 2 17 59 40 5
D 54 847 3 12 55 43 58 51 5
D 62 789 2 8 53 10 9
D 6 791 3 7 11 52 54 62 5
L 64 770 -620
D 63 769 2 4 64 2 5
D 69 869 2 23 42 25 5
D 68 867 2 18 69 26 5
D 70 875 2 30 48 38 5
D 72 869 2 23 24 25 28
D 71 867 2 18 72 26 28
D 67 871 2 68 70 71 5
D 75 865 2 19 27 21 5
D 76 865 2 19 20 21 28
D 74 867 2 75 22 76 5
D 77 867 2 75 41 76 28
D 73 871 2 74 70 77 5
D 66 847 3 12 67 43 73 51 5
D 81 869 2 25 24 23 5
D 80 867 2 18 81 26 5
D 83 869 2 25 42 23 28
D 82 867 2 18 83 26 28
D 79 871 2 80 70 82 5
D 86 865 2 21 20 19 5
D 87 865 2 21 27 19 28
D 85 867 2 86 22 87 5
D 88 867 2 86 41 87 28
D 84 871 2 85 70 88 5
D 78 847 3 12 79 43 84 51 5
D 65 791 3 7 66 52 78 62 5
D 89 769 2 2 64 4 3
D 0 771 3 1 6 63 65 89 5
