c ids of sdd nodes start at 0
c sdd nodes appear bottom-up, children before parents
c
c file syntax:
c sdd count-of-sdd-nodes
c F id-of-false-sdd-node
c T id-of-true-sdd-node
c L id-of-literal-sdd-node id-of-vtree literal
c D id-of-decomposition-sdd-node id-of-vtree number-of-elements {id-of-prime id-of-sub}*
c
sdd 90
L 2 6012 -629
L 3 6014 630
L 4 6012 629
F 5
D 1 6013 2 2 3 4 5
L 8 6016 -255
L 9 6018 256
L 10 6016 255
D 7 6017 2 8 9 10 5
L 13 6344 -623
L 14 6346 624
L 15 6344 623
D 12 6345 2 13 14 15 5
L 19 6348 -3151
L 20 6350 -3152
L 21 6348 3151
D 18 6349 2 19 20 21 5
L 23 6352 -3153
L 24 6354 -3154
L 25 6352 3153
D 22 6353 2 23 24 25 5
L 27 6350 3152
T 28
D 26 6349 2 19 27 21 28
D 17 6351 2 18 22 26 5
L 31 6356 -3155
L 32 6358 -3156
L 33 6356 3155
D 30 6357 2 31 32 33 5
L 35 6360 -3157
L 36 6362 3158
L 37 6360 3157
D 34 6361 2 35 36 37 5
L 39 6358 3156
D 38 6357 2 31 39 33 28
D 29 6359 2 30 34 38 5
L 42 6354 3154
D 41 6353 2 23 42 25 28
D 40 6351 2 18 41 26 28
D 16 6355 2 17 29 40 5
L 44 6346 -624
D 43 6345 2 15 44 13 5
L 48 6362 -3158
D 47 6361 2 37 48 35 5
D 46 6359 2 30 47 38 5
D 45 6355 2 17 46 40 5
D 49 6345 2 13 44 15 14
D 11 6347 3 12 16 43 45 49 5
L 51 6018 -256
D 50 6017 2 10 51 8 5
D 55 6357 2 31 39 33 5
D 56 6361 2 35 48 37 5
D 57 6357 2 31 32 33 28
D 54 6359 2 55 56 57 5
D 53 6355 2 17 54 40 5
D 60 6357 2 33 32 31 5
D 61 6357 2 33 39 31 28
D 59 6359 2 60 56 61 5
D 58 6355 2 17 59 40 5
D 52 6347 3 12 53 43 58 49 5
D 62 6017 2 8 51 10 9
D 6 6019 3 7 11 50 52 62 5
L 64 6014 -630
D 63 6013 2 4 64 2 5
D 69 6353 2 23 42 25 5
D 68 6351 2 18 69 26 5
D 70 6359 2 30 56 38 5
D 72 6353 2 23 24 25 28
D 71 6351 2 18 72 26 28
D 67 6355 2 68 70 71 5
D 75 6353 2 25 24 23 5
D 74 6351 2 18 75 26 5
D 77 6353 2 25 42 23 28
D 76 6351 2 18 77 26 28
D 73 6355 2 74 70 76 5
D 66 6347 3 12 67 43 73 49 5
D 81 6349 2 19 27 21 5
D 82 6349 2 19 20 21 28
D 80 6351 2 81 22 82 5
D 83 6351 2 81 41 82 28
D 79 6355 2 80 70 83 5
D 86 6349 2 21 20 19 5
D 87 6349 2 21 27 19 28
D 85 6351 2 86 22 87 5
D 88 6351 2 86 41 87 28
D 84 6355 2 85 70 88 5
D 78 6347 3 12 79 43 84 49 5
D 65 6019 3 7 66 50 78 62 5
D 89 6013 2 2 64 4 3
D 0 6015 3 1 6 63 65 89 5
