c ids of sdd nodes start at 0
c sdd nodes appear bottom-up, children before parents
c
c file syntax:
c sdd count-of-sdd-nodes
c F id-of-false-sdd-node
c T id-of-true-sdd-node
c L id-of-literal-sdd-node id-of-vtree literal
c D id-of-decomposition-sdd-node id-of-vtree number-of-elements {id-of-prime id-of-sub}*
c
sdd 90
L 2 5980 -103
L 3 5982 104
L 4 5980 103
F 5
D 1 5981 2 2 3 4 5
L 8 6020 -627
L 9 6022 628
L 10 6020 627
D 7 6021 2 8 9 10 5
L 13 6132 -251
L 14 6134 252
L 15 6132 251
D 12 6133 2 13 14 15 5
L 19 6152 -3167
L 20 6154 -3168
L 21 6152 3167
D 18 6153 2 19 20 21 5
L 23 6156 -3169
L 24 6158 -3170
L 25 6156 3169
D 22 6157 2 23 24 25 5
L 27 6154 3168
T 28
D 26 6153 2 19 27 21 28
D 17 6155 2 18 22 26 5
L 31 6160 -3171
L 32 6162 -3172
L 33 6160 3171
D 30 6161 2 31 32 33 5
L 35 6164 -3173
L 36 6166 3174
L 37 6164 3173
D 34 6165 2 35 36 37 5
L 39 6162 3172
D 38 6161 2 31 39 33 28
D 29 6163 2 30 34 38 5
L 42 6158 3170
D 41 6157 2 23 42 25 28
D 40 6155 2 18 41 26 28
D 16 6159 2 17 29 40 5
L 44 6134 -252
D 43 6133 2 15 44 13 5
D 47 6161 2 31 39 33 5
L 49 6166 -3174
D 48 6165 2 35 49 37 5
D 50 6161 2 31 32 33 28
D 46 6163 2 47 48 50 5
D 45 6159 2 17 46 40 5
D 51 6133 2 13 44 15 14
D 11 6135 3 12 16 43 45 51 5
L 53 6022 -628
D 52 6021 2 10 53 8 5
D 57 6165 2 37 49 35 5
D 56 6163 2 30 57 38 5
D 55 6159 2 17 56 40 5
D 60 6161 2 33 32 31 5
D 61 6161 2 33 39 31 28
D 59 6163 2 60 48 61 5
D 58 6159 2 17 59 40 5
D 54 6135 3 12 55 43 58 51 5
D 62 6021 2 8 53 10 9
D 6 6023 3 7 11 52 54 62 5
L 64 5982 -104
D 63 5981 2 4 64 2 5
D 69 6157 2 23 42 25 5
D 68 6155 2 18 69 26 5
D 70 6163 2 30 48 38 5
D 72 6157 2 23 24 25 28
D 71 6155 2 18 72 26 28
D 67 6159 2 68 70 71 5
D 75 6153 2 19 27 21 5
D 76 6153 2 19 20 21 28
D 74 6155 2 75 22 76 5
D 77 6155 2 75 41 76 28
D 73 6159 2 74 70 77 5
D 66 6135 3 12 67 43 73 51 5
D 81 6157 2 25 24 23 5
D 80 6155 2 18 81 26 5
D 83 6157 2 25 42 23 28
D 82 6155 2 18 83 26 28
D 79 6159 2 80 70 82 5
D 86 6153 2 21 20 19 5
D 87 6153 2 21 27 19 28
D 85 6155 2 86 22 87 5
D 88 6155 2 86 41 87 28
D 84 6159 2 85 70 88 5
D 78 6135 3 12 79 43 84 51 5
D 65 6023 3 7 66 52 78 62 5
D 89 5981 2 2 64 4 3
D 0 5983 3 1 6 63 65 89 5
