c ids of sdd nodes start at 0
c sdd nodes appear bottom-up, children before parents
c
c file syntax:
c sdd count-of-sdd-nodes
c F id-of-false-sdd-node
c T id-of-true-sdd-node
c L id-of-literal-sdd-node id-of-vtree literal
c D id-of-decomposition-sdd-node id-of-vtree number-of-elements {id-of-prime id-of-sub}*
c
sdd 90
L 2 3104 -797
L 3 3106 798
L 4 3104 797
F 5
D 1 3105 2 2 3 4 5
L 8 3124 -567
L 9 3126 568
L 10 3124 567
D 7 3125 2 8 9 10 5
L 13 3164 -631
L 14 3166 632
L 15 3164 631
D 12 3165 2 13 14 15 5
L 19 3168 -3183
L 20 3170 -3184
L 21 3168 3183
D 18 3169 2 19 20 21 5
L 23 3172 -3185
L 24 3174 -3186
L 25 3172 3185
D 22 3173 2 23 24 25 5
L 27 3170 3184
T 28
D 26 3169 2 19 27 21 28
D 17 3171 2 18 22 26 5
L 31 3176 -3187
L 32 3178 -3188
L 33 3176 3187
D 30 3177 2 31 32 33 5
L 35 3180 -3189
L 36 3182 3190
L 37 3180 3189
D 34 3181 2 35 36 37 5
L 39 3178 3188
D 38 3177 2 31 39 33 28
D 29 3179 2 30 34 38 5
L 42 3174 3186
D 41 3173 2 23 42 25 28
D 40 3171 2 18 41 26 28
D 16 3175 2 17 29 40 5
L 44 3166 -632
D 43 3165 2 15 44 13 5
L 48 3182 -3190
D 47 3181 2 37 48 35 5
D 46 3179 2 30 47 38 5
D 45 3175 2 17 46 40 5
D 49 3165 2 13 44 15 14
D 11 3167 3 12 16 43 45 49 5
L 51 3126 -568
D 50 3125 2 10 51 8 5
D 55 3173 2 23 42 25 5
D 54 3171 2 18 55 26 5
D 57 3181 2 35 48 37 5
D 56 3179 2 30 57 38 5
D 59 3173 2 23 24 25 28
D 58 3171 2 18 59 26 28
D 53 3175 2 54 56 58 5
D 62 3173 2 25 24 23 5
D 61 3171 2 18 62 26 5
D 64 3173 2 25 42 23 28
D 63 3171 2 18 64 26 28
D 60 3175 2 61 56 63 5
D 52 3167 3 12 53 43 60 49 5
D 65 3125 2 8 51 10 9
D 6 3127 3 7 11 50 52 65 5
L 67 3106 -798
D 66 3105 2 4 67 2 5
D 72 3177 2 31 39 33 5
D 73 3177 2 31 32 33 28
D 71 3179 2 72 57 73 5
D 70 3175 2 17 71 40 5
D 76 3177 2 33 32 31 5
D 77 3177 2 33 39 31 28
D 75 3179 2 76 57 77 5
D 74 3175 2 17 75 40 5
D 69 3167 3 12 70 43 74 49 5
D 81 3169 2 19 27 21 5
D 82 3169 2 19 20 21 28
D 80 3171 2 81 22 82 5
D 83 3171 2 81 41 82 28
D 79 3175 2 80 56 83 5
D 86 3169 2 21 20 19 5
D 87 3169 2 21 27 19 28
D 85 3171 2 86 22 87 5
D 88 3171 2 86 41 87 28
D 84 3175 2 85 56 88 5
D 78 3167 3 12 79 43 84 49 5
D 68 3127 3 7 69 50 78 65 5
D 89 3105 2 2 67 4 3
D 0 3107 3 1 6 66 68 89 5
