c ids of sdd nodes start at 0
c sdd nodes appear bottom-up, children before parents
c
c file syntax:
c sdd count-of-sdd-nodes
c F id-of-false-sdd-node
c T id-of-true-sdd-node
c L id-of-literal-sdd-node id-of-vtree literal
c D id-of-decomposition-sdd-node id-of-vtree number-of-elements {id-of-prime id-of-sub}*
c
sdd 90
L 2 3164 -631
L 3 3166 632
L 4 3164 631
F 5
D 1 3165 2 2 3 4 5
L 8 3184 -191
L 9 3186 192
L 10 3184 191
D 7 3185 2 8 9 10 5
L 13 3244 -633
L 14 3246 634
L 15 3244 633
D 12 3245 2 13 14 15 5
L 19 3248 -3191
L 20 3250 -3192
L 21 3248 3191
D 18 3249 2 19 20 21 5
L 23 3252 -3193
L 24 3254 -3194
L 25 3252 3193
D 22 3253 2 23 24 25 5
L 27 3250 3192
T 28
D 26 3249 2 19 27 21 28
D 17 3251 2 18 22 26 5
L 31 3256 -3195
L 32 3258 -3196
L 33 3256 3195
D 30 3257 2 31 32 33 5
L 35 3260 -3197
L 36 3262 3198
L 37 3260 3197
D 34 3261 2 35 36 37 5
L 39 3258 3196
D 38 3257 2 31 39 33 28
D 29 3259 2 30 34 38 5
L 42 3254 3194
D 41 3253 2 23 42 25 28
D 40 3251 2 18 41 26 28
D 16 3255 2 17 29 40 5
L 44 3246 -634
D 43 3245 2 15 44 13 5
L 48 3262 -3198
D 47 3261 2 37 48 35 5
D 46 3259 2 30 47 38 5
D 45 3255 2 17 46 40 5
D 49 3245 2 13 44 15 14
D 11 3247 3 12 16 43 45 49 5
L 51 3186 -192
D 50 3185 2 10 51 8 5
D 55 3257 2 31 39 33 5
D 56 3261 2 35 48 37 5
D 57 3257 2 31 32 33 28
D 54 3259 2 55 56 57 5
D 53 3255 2 17 54 40 5
D 60 3257 2 33 32 31 5
D 61 3257 2 33 39 31 28
D 59 3259 2 60 56 61 5
D 58 3255 2 17 59 40 5
D 52 3247 3 12 53 43 58 49 5
D 62 3185 2 8 51 10 9
D 6 3187 3 7 11 50 52 62 5
L 64 3166 -632
D 63 3165 2 4 64 2 5
D 69 3253 2 23 42 25 5
D 68 3251 2 18 69 26 5
D 70 3259 2 30 56 38 5
D 72 3253 2 23 24 25 28
D 71 3251 2 18 72 26 28
D 67 3255 2 68 70 71 5
D 75 3253 2 25 24 23 5
D 74 3251 2 18 75 26 5
D 77 3253 2 25 42 23 28
D 76 3251 2 18 77 26 28
D 73 3255 2 74 70 76 5
D 66 3247 3 12 67 43 73 49 5
D 81 3249 2 19 27 21 5
D 82 3249 2 19 20 21 28
D 80 3251 2 81 22 82 5
D 83 3251 2 81 41 82 28
D 79 3255 2 80 70 83 5
D 86 3249 2 21 20 19 5
D 87 3249 2 21 27 19 28
D 85 3251 2 86 22 87 5
D 88 3251 2 86 41 87 28
D 84 3255 2 85 70 88 5
D 78 3247 3 12 79 43 84 49 5
D 65 3187 3 7 66 50 78 62 5
D 89 3165 2 2 64 4 3
D 0 3167 3 1 6 63 65 89 5
