c ids of sdd nodes start at 0
c sdd nodes appear bottom-up, children before parents
c
c file syntax:
c sdd count-of-sdd-nodes
c F id-of-false-sdd-node
c T id-of-true-sdd-node
c L id-of-literal-sdd-node id-of-vtree literal
c D id-of-decomposition-sdd-node id-of-vtree number-of-elements {id-of-prime id-of-sub}*
c
sdd 90
L 2 4216 -637
L 3 4218 638
L 4 4216 637
F 5
D 1 4217 2 2 3 4 5
L 8 4220 -463
L 9 4222 464
L 10 4220 463
D 7 4221 2 8 9 10 5
L 13 4304 -635
L 14 4306 636
L 15 4304 635
D 12 4305 2 13 14 15 5
L 19 4308 -3199
L 20 4310 -3200
L 21 4308 3199
D 18 4309 2 19 20 21 5
L 23 4312 -3201
L 24 4314 -3202
L 25 4312 3201
D 22 4313 2 23 24 25 5
L 27 4310 3200
T 28
D 26 4309 2 19 27 21 28
D 17 4311 2 18 22 26 5
L 31 4316 -3203
L 32 4318 -3204
L 33 4316 3203
D 30 4317 2 31 32 33 5
L 35 4320 -3205
L 36 4322 3206
L 37 4320 3205
D 34 4321 2 35 36 37 5
L 39 4318 3204
D 38 4317 2 31 39 33 28
D 29 4319 2 30 34 38 5
L 42 4314 3202
D 41 4313 2 23 42 25 28
D 40 4311 2 18 41 26 28
D 16 4315 2 17 29 40 5
L 44 4306 -636
D 43 4305 2 15 44 13 5
L 48 4322 -3206
D 47 4321 2 37 48 35 5
D 46 4319 2 30 47 38 5
D 45 4315 2 17 46 40 5
D 49 4305 2 13 44 15 14
D 11 4307 3 12 16 43 45 49 5
L 51 4222 -464
D 50 4221 2 10 51 8 5
D 55 4317 2 31 39 33 5
D 56 4321 2 35 48 37 5
D 57 4317 2 31 32 33 28
D 54 4319 2 55 56 57 5
D 53 4315 2 17 54 40 5
D 60 4317 2 33 32 31 5
D 61 4317 2 33 39 31 28
D 59 4319 2 60 56 61 5
D 58 4315 2 17 59 40 5
D 52 4307 3 12 53 43 58 49 5
D 62 4221 2 8 51 10 9
D 6 4223 3 7 11 50 52 62 5
L 64 4218 -638
D 63 4217 2 4 64 2 5
D 69 4313 2 23 42 25 5
D 68 4311 2 18 69 26 5
D 70 4319 2 30 56 38 5
D 72 4313 2 23 24 25 28
D 71 4311 2 18 72 26 28
D 67 4315 2 68 70 71 5
D 75 4313 2 25 24 23 5
D 74 4311 2 18 75 26 5
D 77 4313 2 25 42 23 28
D 76 4311 2 18 77 26 28
D 73 4315 2 74 70 76 5
D 66 4307 3 12 67 43 73 49 5
D 81 4309 2 19 27 21 5
D 82 4309 2 19 20 21 28
D 80 4311 2 81 22 82 5
D 83 4311 2 81 41 82 28
D 79 4315 2 80 70 83 5
D 86 4309 2 21 20 19 5
D 87 4309 2 21 27 19 28
D 85 4311 2 86 22 87 5
D 88 4311 2 86 41 87 28
D 84 4315 2 85 70 88 5
D 78 4307 3 12 79 43 84 49 5
D 65 4223 3 7 66 50 78 62 5
D 89 4217 2 2 64 4 3
D 0 4219 3 1 6 63 65 89 5
