c ids of sdd nodes start at 0
c sdd nodes appear bottom-up, children before parents
c
c file syntax:
c sdd count-of-sdd-nodes
c F id-of-false-sdd-node
c T id-of-true-sdd-node
c L id-of-literal-sdd-node id-of-vtree literal
c D id-of-decomposition-sdd-node id-of-vtree number-of-elements {id-of-prime id-of-sub}*
c
sdd 90
L 2 4216 -637
L 3 4218 638
L 4 4216 637
F 5
D 1 4217 2 2 3 4 5
L 8 4664 -645
L 9 4666 646
L 10 4664 645
D 7 4665 2 8 9 10 5
L 13 5076 -345
L 14 5078 346
L 15 5076 345
D 12 5077 2 13 14 15 5
L 19 5112 -3207
L 20 5114 -3208
L 21 5112 3207
D 18 5113 2 19 20 21 5
L 23 5116 -3209
L 24 5118 -3210
L 25 5116 3209
D 22 5117 2 23 24 25 5
L 27 5114 3208
T 28
D 26 5113 2 19 27 21 28
D 17 5115 2 18 22 26 5
L 31 5120 -3211
L 32 5122 -3212
L 33 5120 3211
D 30 5121 2 31 32 33 5
L 35 5124 -3213
L 36 5126 3214
L 37 5124 3213
D 34 5125 2 35 36 37 5
L 39 5122 3212
D 38 5121 2 31 39 33 28
D 29 5123 2 30 34 38 5
L 42 5118 3210
D 41 5117 2 23 42 25 28
D 40 5115 2 18 41 26 28
D 16 5119 2 17 29 40 5
L 44 5078 -346
D 43 5077 2 15 44 13 5
D 47 5121 2 31 39 33 5
L 49 5126 -3214
D 48 5125 2 35 49 37 5
D 50 5121 2 31 32 33 28
D 46 5123 2 47 48 50 5
D 45 5119 2 17 46 40 5
D 51 5077 2 13 44 15 14
D 11 5079 3 12 16 43 45 51 5
L 53 4666 -646
D 52 4665 2 10 53 8 5
D 57 5117 2 23 42 25 5
D 56 5115 2 18 57 26 5
D 58 5123 2 30 48 38 5
D 60 5117 2 23 24 25 28
D 59 5115 2 18 60 26 28
D 55 5119 2 56 58 59 5
D 63 5113 2 19 27 21 5
D 64 5113 2 19 20 21 28
D 62 5115 2 63 22 64 5
D 65 5115 2 63 41 64 28
D 61 5119 2 62 58 65 5
D 54 5079 3 12 55 43 61 51 5
D 66 4665 2 8 53 10 9
D 6 4667 3 7 11 52 54 66 5
L 68 4218 -638
D 67 4217 2 4 68 2 5
D 73 5125 2 37 49 35 5
D 72 5123 2 30 73 38 5
D 71 5119 2 17 72 40 5
D 76 5121 2 33 32 31 5
D 77 5121 2 33 39 31 28
D 75 5123 2 76 48 77 5
D 74 5119 2 17 75 40 5
D 70 5079 3 12 71 43 74 51 5
D 81 5117 2 25 24 23 5
D 80 5115 2 18 81 26 5
D 83 5117 2 25 42 23 28
D 82 5115 2 18 83 26 28
D 79 5119 2 80 58 82 5
D 86 5113 2 21 20 19 5
D 87 5113 2 21 27 19 28
D 85 5115 2 86 22 87 5
D 88 5115 2 86 41 87 28
D 84 5119 2 85 58 88 5
D 78 5079 3 12 79 43 84 51 5
D 69 4667 3 7 70 52 78 66 5
D 89 4217 2 2 68 4 3
D 0 4219 3 1 6 67 69 89 5
