c ids of sdd nodes start at 0
c sdd nodes appear bottom-up, children before parents
c
c file syntax:
c sdd count-of-sdd-nodes
c F id-of-false-sdd-node
c T id-of-true-sdd-node
c L id-of-literal-sdd-node id-of-vtree literal
c D id-of-decomposition-sdd-node id-of-vtree number-of-elements {id-of-prime id-of-sub}*
c
sdd 90
L 2 5156 -641
L 3 5158 642
L 4 5156 641
F 5
D 1 5157 2 2 3 4 5
L 8 5164 -639
L 9 5166 640
L 10 5164 639
D 7 5165 2 8 9 10 5
L 13 5284 -343
L 14 5286 344
L 15 5284 343
D 12 5285 2 13 14 15 5
L 19 5304 -3215
L 20 5306 -3216
L 21 5304 3215
D 18 5305 2 19 20 21 5
L 23 5308 -3217
L 24 5310 -3218
L 25 5308 3217
D 22 5309 2 23 24 25 5
L 27 5306 3216
T 28
D 26 5305 2 19 27 21 28
D 17 5307 2 18 22 26 5
L 31 5312 -3219
L 32 5314 -3220
L 33 5312 3219
D 30 5313 2 31 32 33 5
L 35 5316 -3221
L 36 5318 3222
L 37 5316 3221
D 34 5317 2 35 36 37 5
L 39 5314 3220
D 38 5313 2 31 39 33 28
D 29 5315 2 30 34 38 5
L 42 5310 3218
D 41 5309 2 23 42 25 28
D 40 5307 2 18 41 26 28
D 16 5311 2 17 29 40 5
L 44 5286 -344
D 43 5285 2 15 44 13 5
D 47 5313 2 31 39 33 5
L 49 5318 -3222
D 48 5317 2 35 49 37 5
D 50 5313 2 31 32 33 28
D 46 5315 2 47 48 50 5
D 45 5311 2 17 46 40 5
D 51 5285 2 13 44 15 14
D 11 5287 3 12 16 43 45 51 5
L 53 5166 -640
D 52 5165 2 10 53 8 5
D 57 5317 2 37 49 35 5
D 56 5315 2 30 57 38 5
D 55 5311 2 17 56 40 5
D 60 5313 2 33 32 31 5
D 61 5313 2 33 39 31 28
D 59 5315 2 60 48 61 5
D 58 5311 2 17 59 40 5
D 54 5287 3 12 55 43 58 51 5
D 62 5165 2 8 53 10 9
D 6 5167 3 7 11 52 54 62 5
L 64 5158 -642
D 63 5157 2 4 64 2 5
D 69 5309 2 23 42 25 5
D 68 5307 2 18 69 26 5
D 70 5315 2 30 48 38 5
D 72 5309 2 23 24 25 28
D 71 5307 2 18 72 26 28
D 67 5311 2 68 70 71 5
D 75 5305 2 19 27 21 5
D 76 5305 2 19 20 21 28
D 74 5307 2 75 22 76 5
D 77 5307 2 75 41 76 28
D 73 5311 2 74 70 77 5
D 66 5287 3 12 67 43 73 51 5
D 81 5309 2 25 24 23 5
D 80 5307 2 18 81 26 5
D 83 5309 2 25 42 23 28
D 82 5307 2 18 83 26 28
D 79 5311 2 80 70 82 5
D 86 5305 2 21 20 19 5
D 87 5305 2 21 27 19 28
D 85 5307 2 86 22 87 5
D 88 5307 2 86 41 87 28
D 84 5311 2 85 70 88 5
D 78 5287 3 12 79 43 84 51 5
D 65 5167 3 7 66 52 78 62 5
D 89 5157 2 2 64 4 3
D 0 5159 3 1 6 63 65 89 5
