c ids of sdd nodes start at 0
c sdd nodes appear bottom-up, children before parents
c
c file syntax:
c sdd count-of-sdd-nodes
c F id-of-false-sdd-node
c T id-of-true-sdd-node
c L id-of-literal-sdd-node id-of-vtree literal
c D id-of-decomposition-sdd-node id-of-vtree number-of-elements {id-of-prime id-of-sub}*
c
sdd 90
L 2 4664 -645
L 3 4666 646
L 4 4664 645
F 5
D 1 4665 2 2 3 4 5
L 8 4872 -445
L 9 4874 446
L 10 4872 445
D 7 4873 2 8 9 10 5
L 13 4932 -647
L 14 4934 648
L 15 4932 647
D 12 4933 2 13 14 15 5
L 19 4952 -3235
L 20 4954 -3236
L 21 4952 3235
D 18 4953 2 19 20 21 5
L 23 4956 -3237
L 24 4958 -3238
L 25 4956 3237
D 22 4957 2 23 24 25 5
L 27 4954 3236
T 28
D 26 4953 2 19 27 21 28
D 17 4955 2 18 22 26 5
L 31 4960 -3239
L 32 4962 -3240
L 33 4960 3239
D 30 4961 2 31 32 33 5
L 35 4964 -3241
L 36 4966 3242
L 37 4964 3241
D 34 4965 2 35 36 37 5
L 39 4962 3240
D 38 4961 2 31 39 33 28
D 29 4963 2 30 34 38 5
L 42 4958 3238
D 41 4957 2 23 42 25 28
D 40 4955 2 18 41 26 28
D 16 4959 2 17 29 40 5
L 44 4934 -648
D 43 4933 2 15 44 13 5
D 47 4957 2 23 42 25 5
D 46 4955 2 18 47 26 5
L 50 4966 -3242
D 49 4965 2 35 50 37 5
D 48 4963 2 30 49 38 5
D 52 4957 2 23 24 25 28
D 51 4955 2 18 52 26 28
D 45 4959 2 46 48 51 5
D 53 4933 2 13 44 15 14
D 11 4935 3 12 16 43 45 53 5
L 55 4874 -446
D 54 4873 2 10 55 8 5
D 59 4961 2 31 39 33 5
D 60 4961 2 31 32 33 28
D 58 4963 2 59 49 60 5
D 57 4959 2 17 58 40 5
D 63 4953 2 19 27 21 5
D 64 4953 2 19 20 21 28
D 62 4955 2 63 22 64 5
D 65 4955 2 63 41 64 28
D 61 4959 2 62 48 65 5
D 56 4935 3 12 57 43 61 53 5
D 66 4873 2 8 55 10 9
D 6 4875 3 7 11 54 56 66 5
L 68 4666 -646
D 67 4665 2 4 68 2 5
D 73 4965 2 37 50 35 5
D 72 4963 2 30 73 38 5
D 71 4959 2 17 72 40 5
D 76 4957 2 25 24 23 5
D 75 4955 2 18 76 26 5
D 78 4957 2 25 42 23 28
D 77 4955 2 18 78 26 28
D 74 4959 2 75 48 77 5
D 70 4935 3 12 71 43 74 53 5
D 82 4961 2 33 32 31 5
D 83 4961 2 33 39 31 28
D 81 4963 2 82 49 83 5
D 80 4959 2 17 81 40 5
D 86 4953 2 21 20 19 5
D 87 4953 2 21 27 19 28
D 85 4955 2 86 22 87 5
D 88 4955 2 86 41 87 28
D 84 4959 2 85 48 88 5
D 79 4935 3 12 80 43 84 53 5
D 69 4875 3 7 70 54 79 66 5
D 89 4665 2 2 68 4 3
D 0 4667 3 1 6 67 69 89 5
