c ids of sdd nodes start at 0
c sdd nodes appear bottom-up, children before parents
c
c file syntax:
c sdd count-of-sdd-nodes
c F id-of-false-sdd-node
c T id-of-true-sdd-node
c L id-of-literal-sdd-node id-of-vtree literal
c D id-of-decomposition-sdd-node id-of-vtree number-of-elements {id-of-prime id-of-sub}*
c
sdd 90
L 2 5164 -639
L 3 5166 640
L 4 5164 639
F 5
D 1 5165 2 2 3 4 5
L 8 5168 -323
L 9 5170 324
L 10 5168 323
D 7 5169 2 8 9 10 5
L 13 5588 -651
L 14 5590 652
L 15 5588 651
D 12 5589 2 13 14 15 5
L 19 5608 -3259
L 20 5610 -3260
L 21 5608 3259
D 18 5609 2 19 20 21 5
L 23 5612 -3261
L 24 5614 -3262
L 25 5612 3261
D 22 5613 2 23 24 25 5
L 27 5610 3260
T 28
D 26 5609 2 19 27 21 28
D 17 5611 2 18 22 26 5
L 31 5616 -3263
L 32 5618 -3264
L 33 5616 3263
D 30 5617 2 31 32 33 5
L 35 5620 -3265
L 36 5622 3266
L 37 5620 3265
D 34 5621 2 35 36 37 5
L 39 5618 3264
D 38 5617 2 31 39 33 28
D 29 5619 2 30 34 38 5
L 42 5614 3262
D 41 5613 2 23 42 25 28
D 40 5611 2 18 41 26 28
D 16 5615 2 17 29 40 5
L 44 5590 -652
D 43 5589 2 15 44 13 5
L 48 5622 -3266
D 47 5621 2 37 48 35 5
D 46 5619 2 30 47 38 5
D 45 5615 2 17 46 40 5
D 49 5589 2 13 44 15 14
D 11 5591 3 12 16 43 45 49 5
L 51 5170 -324
D 50 5169 2 10 51 8 5
D 55 5617 2 31 39 33 5
D 56 5621 2 35 48 37 5
D 57 5617 2 31 32 33 28
D 54 5619 2 55 56 57 5
D 53 5615 2 17 54 40 5
D 60 5617 2 33 32 31 5
D 61 5617 2 33 39 31 28
D 59 5619 2 60 56 61 5
D 58 5615 2 17 59 40 5
D 52 5591 3 12 53 43 58 49 5
D 62 5169 2 8 51 10 9
D 6 5171 3 7 11 50 52 62 5
L 64 5166 -640
D 63 5165 2 4 64 2 5
D 69 5613 2 23 42 25 5
D 68 5611 2 18 69 26 5
D 70 5619 2 30 56 38 5
D 72 5613 2 23 24 25 28
D 71 5611 2 18 72 26 28
D 67 5615 2 68 70 71 5
D 75 5613 2 25 24 23 5
D 74 5611 2 18 75 26 5
D 77 5613 2 25 42 23 28
D 76 5611 2 18 77 26 28
D 73 5615 2 74 70 76 5
D 66 5591 3 12 67 43 73 49 5
D 81 5609 2 19 27 21 5
D 82 5609 2 19 20 21 28
D 80 5611 2 81 22 82 5
D 83 5611 2 81 41 82 28
D 79 5615 2 80 70 83 5
D 86 5609 2 21 20 19 5
D 87 5609 2 21 27 19 28
D 85 5611 2 86 22 87 5
D 88 5611 2 86 41 87 28
D 84 5615 2 85 70 88 5
D 78 5591 3 12 79 43 84 49 5
D 65 5171 3 7 66 50 78 62 5
D 89 5165 2 2 64 4 3
D 0 5167 3 1 6 63 65 89 5
