c ids of sdd nodes start at 0
c sdd nodes appear bottom-up, children before parents
c
c file syntax:
c sdd count-of-sdd-nodes
c F id-of-false-sdd-node
c T id-of-true-sdd-node
c L id-of-literal-sdd-node id-of-vtree literal
c D id-of-decomposition-sdd-node id-of-vtree number-of-elements {id-of-prime id-of-sub}*
c
sdd 90
L 2 4652 -207
L 3 4654 208
L 4 4652 207
F 5
D 1 4653 2 2 3 4 5
L 8 4984 -655
L 9 4986 656
L 10 4984 655
D 7 4985 2 8 9 10 5
L 13 5040 -653
L 14 5042 654
L 15 5040 653
D 12 5041 2 13 14 15 5
L 19 5060 -3267
L 20 5062 -3268
L 21 5060 3267
D 18 5061 2 19 20 21 5
L 23 5064 -3269
L 24 5066 -3270
L 25 5064 3269
D 22 5065 2 23 24 25 5
L 27 5062 3268
T 28
D 26 5061 2 19 27 21 28
D 17 5063 2 18 22 26 5
L 31 5068 -3271
L 32 5070 -3272
L 33 5068 3271
D 30 5069 2 31 32 33 5
L 35 5072 -3273
L 36 5074 3274
L 37 5072 3273
D 34 5073 2 35 36 37 5
L 39 5070 3272
D 38 5069 2 31 39 33 28
D 29 5071 2 30 34 38 5
L 42 5066 3270
D 41 5065 2 23 42 25 28
D 40 5063 2 18 41 26 28
D 16 5067 2 17 29 40 5
L 44 5042 -654
D 43 5041 2 15 44 13 5
L 48 5074 -3274
D 47 5073 2 37 48 35 5
D 46 5071 2 30 47 38 5
D 45 5067 2 17 46 40 5
D 49 5041 2 13 44 15 14
D 11 5043 3 12 16 43 45 49 5
L 51 4986 -656
D 50 4985 2 10 51 8 5
D 55 5065 2 23 42 25 5
D 54 5063 2 18 55 26 5
D 57 5073 2 35 48 37 5
D 56 5071 2 30 57 38 5
D 59 5065 2 23 24 25 28
D 58 5063 2 18 59 26 28
D 53 5067 2 54 56 58 5
D 62 5065 2 25 24 23 5
D 61 5063 2 18 62 26 5
D 64 5065 2 25 42 23 28
D 63 5063 2 18 64 26 28
D 60 5067 2 61 56 63 5
D 52 5043 3 12 53 43 60 49 5
D 65 4985 2 8 51 10 9
D 6 4987 3 7 11 50 52 65 5
L 67 4654 -208
D 66 4653 2 4 67 2 5
D 72 5069 2 31 39 33 5
D 73 5069 2 31 32 33 28
D 71 5071 2 72 57 73 5
D 70 5067 2 17 71 40 5
D 76 5069 2 33 32 31 5
D 77 5069 2 33 39 31 28
D 75 5071 2 76 57 77 5
D 74 5067 2 17 75 40 5
D 69 5043 3 12 70 43 74 49 5
D 81 5061 2 19 27 21 5
D 82 5061 2 19 20 21 28
D 80 5063 2 81 22 82 5
D 83 5063 2 81 41 82 28
D 79 5067 2 80 56 83 5
D 86 5061 2 21 20 19 5
D 87 5061 2 21 27 19 28
D 85 5063 2 86 22 87 5
D 88 5063 2 86 41 87 28
D 84 5067 2 85 56 88 5
D 78 5043 3 12 79 43 84 49 5
D 68 4987 3 7 69 50 78 65 5
D 89 4653 2 2 67 4 3
D 0 4655 3 1 6 66 68 89 5
