c ids of sdd nodes start at 0
c sdd nodes appear bottom-up, children before parents
c
c file syntax:
c sdd count-of-sdd-nodes
c F id-of-false-sdd-node
c T id-of-true-sdd-node
c L id-of-literal-sdd-node id-of-vtree literal
c D id-of-decomposition-sdd-node id-of-vtree number-of-elements {id-of-prime id-of-sub}*
c
sdd 90
L 2 4876 -661
L 3 4878 662
L 4 4876 661
F 5
D 1 4877 2 2 3 4 5
L 8 4984 -655
L 9 4986 656
L 10 4984 655
D 7 4985 2 8 9 10 5
L 13 4988 -205
L 14 4990 206
L 15 4988 205
D 12 4989 2 13 14 15 5
L 19 5024 -3275
L 20 5026 -3276
L 21 5024 3275
D 18 5025 2 19 20 21 5
L 23 5028 -3277
L 24 5030 -3278
L 25 5028 3277
D 22 5029 2 23 24 25 5
L 27 5026 3276
T 28
D 26 5025 2 19 27 21 28
D 17 5027 2 18 22 26 5
L 31 5032 -3279
L 32 5034 -3280
L 33 5032 3279
D 30 5033 2 31 32 33 5
L 35 5036 -3281
L 36 5038 3282
L 37 5036 3281
D 34 5037 2 35 36 37 5
L 39 5034 3280
D 38 5033 2 31 39 33 28
D 29 5035 2 30 34 38 5
L 42 5030 3278
D 41 5029 2 23 42 25 28
D 40 5027 2 18 41 26 28
D 16 5031 2 17 29 40 5
L 44 4990 -206
D 43 4989 2 15 44 13 5
D 47 5033 2 31 39 33 5
L 49 5038 -3282
D 48 5037 2 35 49 37 5
D 50 5033 2 31 32 33 28
D 46 5035 2 47 48 50 5
D 45 5031 2 17 46 40 5
D 51 4989 2 13 44 15 14
D 11 4991 3 12 16 43 45 51 5
L 53 4986 -656
D 52 4985 2 10 53 8 5
D 57 5037 2 37 49 35 5
D 56 5035 2 30 57 38 5
D 55 5031 2 17 56 40 5
D 60 5033 2 33 32 31 5
D 61 5033 2 33 39 31 28
D 59 5035 2 60 48 61 5
D 58 5031 2 17 59 40 5
D 54 4991 3 12 55 43 58 51 5
D 62 4985 2 8 53 10 9
D 6 4987 3 7 11 52 54 62 5
L 64 4878 -662
D 63 4877 2 4 64 2 5
D 69 5029 2 23 42 25 5
D 68 5027 2 18 69 26 5
D 70 5035 2 30 48 38 5
D 72 5029 2 23 24 25 28
D 71 5027 2 18 72 26 28
D 67 5031 2 68 70 71 5
D 75 5025 2 19 27 21 5
D 76 5025 2 19 20 21 28
D 74 5027 2 75 22 76 5
D 77 5027 2 75 41 76 28
D 73 5031 2 74 70 77 5
D 66 4991 3 12 67 43 73 51 5
D 81 5029 2 25 24 23 5
D 80 5027 2 18 81 26 5
D 83 5029 2 25 42 23 28
D 82 5027 2 18 83 26 28
D 79 5031 2 80 70 82 5
D 86 5025 2 21 20 19 5
D 87 5025 2 21 27 19 28
D 85 5027 2 86 22 87 5
D 88 5027 2 86 41 87 28
D 84 5031 2 85 70 88 5
D 78 4991 3 12 79 43 84 51 5
D 65 4987 3 7 66 52 78 62 5
D 89 4877 2 2 64 4 3
D 0 4879 3 1 6 63 65 89 5
