c ids of sdd nodes start at 0
c sdd nodes appear bottom-up, children before parents
c
c file syntax:
c sdd count-of-sdd-nodes
c F id-of-false-sdd-node
c T id-of-true-sdd-node
c L id-of-literal-sdd-node id-of-vtree literal
c D id-of-decomposition-sdd-node id-of-vtree number-of-elements {id-of-prime id-of-sub}*
c
sdd 90
L 2 5144 -221
L 3 5146 222
L 4 5144 221
F 5
D 1 5145 2 2 3 4 5
L 8 5172 -659
L 9 5174 660
L 10 5172 659
D 7 5173 2 8 9 10 5
L 13 5176 -657
L 14 5178 658
L 15 5176 657
D 12 5177 2 13 14 15 5
L 19 5196 -3283
L 20 5198 -3284
L 21 5196 3283
D 18 5197 2 19 20 21 5
L 23 5200 -3285
L 24 5202 -3286
L 25 5200 3285
D 22 5201 2 23 24 25 5
L 27 5198 3284
T 28
D 26 5197 2 19 27 21 28
D 17 5199 2 18 22 26 5
L 31 5204 -3287
L 32 5206 -3288
L 33 5204 3287
D 30 5205 2 31 32 33 5
L 35 5208 -3289
L 36 5210 3290
L 37 5208 3289
D 34 5209 2 35 36 37 5
L 39 5206 3288
D 38 5205 2 31 39 33 28
D 29 5207 2 30 34 38 5
L 42 5202 3286
D 41 5201 2 23 42 25 28
D 40 5199 2 18 41 26 28
D 16 5203 2 17 29 40 5
L 44 5178 -658
D 43 5177 2 15 44 13 5
L 48 5210 -3290
D 47 5209 2 37 48 35 5
D 46 5207 2 30 47 38 5
D 45 5203 2 17 46 40 5
D 49 5177 2 13 44 15 14
D 11 5179 3 12 16 43 45 49 5
L 51 5174 -660
D 50 5173 2 10 51 8 5
D 55 5201 2 23 42 25 5
D 54 5199 2 18 55 26 5
D 57 5209 2 35 48 37 5
D 56 5207 2 30 57 38 5
D 59 5201 2 23 24 25 28
D 58 5199 2 18 59 26 28
D 53 5203 2 54 56 58 5
D 62 5201 2 25 24 23 5
D 61 5199 2 18 62 26 5
D 64 5201 2 25 42 23 28
D 63 5199 2 18 64 26 28
D 60 5203 2 61 56 63 5
D 52 5179 3 12 53 43 60 49 5
D 65 5173 2 8 51 10 9
D 6 5175 3 7 11 50 52 65 5
L 67 5146 -222
D 66 5145 2 4 67 2 5
D 72 5205 2 31 39 33 5
D 73 5205 2 31 32 33 28
D 71 5207 2 72 57 73 5
D 70 5203 2 17 71 40 5
D 76 5205 2 33 32 31 5
D 77 5205 2 33 39 31 28
D 75 5207 2 76 57 77 5
D 74 5203 2 17 75 40 5
D 69 5179 3 12 70 43 74 49 5
D 81 5197 2 19 27 21 5
D 82 5197 2 19 20 21 28
D 80 5199 2 81 22 82 5
D 83 5199 2 81 41 82 28
D 79 5203 2 80 56 83 5
D 86 5197 2 21 20 19 5
D 87 5197 2 21 27 19 28
D 85 5199 2 86 22 87 5
D 88 5199 2 86 41 87 28
D 84 5203 2 85 56 88 5
D 78 5179 3 12 79 43 84 49 5
D 68 5175 3 7 69 50 78 65 5
D 89 5145 2 2 67 4 3
D 0 5147 3 1 6 66 68 89 5
