c ids of sdd nodes start at 0
c sdd nodes appear bottom-up, children before parents
c
c file syntax:
c sdd count-of-sdd-nodes
c F id-of-false-sdd-node
c T id-of-true-sdd-node
c L id-of-literal-sdd-node id-of-vtree literal
c D id-of-decomposition-sdd-node id-of-vtree number-of-elements {id-of-prime id-of-sub}*
c
sdd 90
L 2 4608 -663
L 3 4610 664
L 4 4608 663
F 5
D 1 4609 2 2 3 4 5
L 8 4660 -217
L 9 4662 218
L 10 4660 217
D 7 4661 2 8 9 10 5
L 13 4876 -661
L 14 4878 662
L 15 4876 661
D 12 4877 2 13 14 15 5
L 19 4880 -3299
L 20 4882 -3300
L 21 4880 3299
D 18 4881 2 19 20 21 5
L 23 4884 -3301
L 24 4886 -3302
L 25 4884 3301
D 22 4885 2 23 24 25 5
L 27 4882 3300
T 28
D 26 4881 2 19 27 21 28
D 17 4883 2 18 22 26 5
L 31 4888 -3303
L 32 4890 -3304
L 33 4888 3303
D 30 4889 2 31 32 33 5
L 35 4892 -3305
L 36 4894 3306
L 37 4892 3305
D 34 4893 2 35 36 37 5
L 39 4890 3304
D 38 4889 2 31 39 33 28
D 29 4891 2 30 34 38 5
L 42 4886 3302
D 41 4885 2 23 42 25 28
D 40 4883 2 18 41 26 28
D 16 4887 2 17 29 40 5
L 44 4878 -662
D 43 4877 2 15 44 13 5
L 48 4894 -3306
D 47 4893 2 37 48 35 5
D 46 4891 2 30 47 38 5
D 45 4887 2 17 46 40 5
D 49 4877 2 13 44 15 14
D 11 4879 3 12 16 43 45 49 5
L 51 4662 -218
D 50 4661 2 10 51 8 5
D 55 4889 2 31 39 33 5
D 56 4893 2 35 48 37 5
D 57 4889 2 31 32 33 28
D 54 4891 2 55 56 57 5
D 53 4887 2 17 54 40 5
D 60 4889 2 33 32 31 5
D 61 4889 2 33 39 31 28
D 59 4891 2 60 56 61 5
D 58 4887 2 17 59 40 5
D 52 4879 3 12 53 43 58 49 5
D 62 4661 2 8 51 10 9
D 6 4663 3 7 11 50 52 62 5
L 64 4610 -664
D 63 4609 2 4 64 2 5
D 69 4885 2 23 42 25 5
D 68 4883 2 18 69 26 5
D 70 4891 2 30 56 38 5
D 72 4885 2 23 24 25 28
D 71 4883 2 18 72 26 28
D 67 4887 2 68 70 71 5
D 75 4885 2 25 24 23 5
D 74 4883 2 18 75 26 5
D 77 4885 2 25 42 23 28
D 76 4883 2 18 77 26 28
D 73 4887 2 74 70 76 5
D 66 4879 3 12 67 43 73 49 5
D 81 4881 2 19 27 21 5
D 82 4881 2 19 20 21 28
D 80 4883 2 81 22 82 5
D 83 4883 2 81 41 82 28
D 79 4887 2 80 70 83 5
D 86 4881 2 21 20 19 5
D 87 4881 2 21 27 19 28
D 85 4883 2 86 22 87 5
D 88 4883 2 86 41 87 28
D 84 4887 2 85 70 88 5
D 78 4879 3 12 79 43 84 49 5
D 65 4663 3 7 66 50 78 62 5
D 89 4609 2 2 64 4 3
D 0 4611 3 1 6 63 65 89 5
