c ids of sdd nodes start at 0
c sdd nodes appear bottom-up, children before parents
c
c file syntax:
c sdd count-of-sdd-nodes
c F id-of-false-sdd-node
c T id-of-true-sdd-node
c L id-of-literal-sdd-node id-of-vtree literal
c D id-of-decomposition-sdd-node id-of-vtree number-of-elements {id-of-prime id-of-sub}*
c
sdd 90
L 2 4608 -663
L 3 4610 664
L 4 4608 663
F 5
D 1 4609 2 2 3 4 5
L 8 5128 -215
L 9 5130 216
L 10 5128 215
D 7 5129 2 8 9 10 5
L 13 5176 -657
L 14 5178 658
L 15 5176 657
D 12 5177 2 13 14 15 5
L 19 5212 -3307
L 20 5214 -3308
L 21 5212 3307
D 18 5213 2 19 20 21 5
L 23 5216 -3309
L 24 5218 -3310
L 25 5216 3309
D 22 5217 2 23 24 25 5
L 27 5214 3308
T 28
D 26 5213 2 19 27 21 28
D 17 5215 2 18 22 26 5
L 31 5220 -3311
L 32 5222 -3312
L 33 5220 3311
D 30 5221 2 31 32 33 5
L 35 5224 -3313
L 36 5226 3314
L 37 5224 3313
D 34 5225 2 35 36 37 5
L 39 5222 3312
D 38 5221 2 31 39 33 28
D 29 5223 2 30 34 38 5
L 42 5218 3310
D 41 5217 2 23 42 25 28
D 40 5215 2 18 41 26 28
D 16 5219 2 17 29 40 5
L 44 5178 -658
D 43 5177 2 15 44 13 5
D 47 5217 2 23 42 25 5
D 46 5215 2 18 47 26 5
L 50 5226 -3314
D 49 5225 2 35 50 37 5
D 48 5223 2 30 49 38 5
D 52 5217 2 23 24 25 28
D 51 5215 2 18 52 26 28
D 45 5219 2 46 48 51 5
D 53 5177 2 13 44 15 14
D 11 5179 3 12 16 43 45 53 5
L 55 5130 -216
D 54 5129 2 10 55 8 5
D 59 5221 2 31 39 33 5
D 60 5221 2 31 32 33 28
D 58 5223 2 59 49 60 5
D 57 5219 2 17 58 40 5
D 63 5213 2 19 27 21 5
D 64 5213 2 19 20 21 28
D 62 5215 2 63 22 64 5
D 65 5215 2 63 41 64 28
D 61 5219 2 62 48 65 5
D 56 5179 3 12 57 43 61 53 5
D 66 5129 2 8 55 10 9
D 6 5131 3 7 11 54 56 66 5
L 68 4610 -664
D 67 4609 2 4 68 2 5
D 73 5225 2 37 50 35 5
D 72 5223 2 30 73 38 5
D 71 5219 2 17 72 40 5
D 76 5217 2 25 24 23 5
D 75 5215 2 18 76 26 5
D 78 5217 2 25 42 23 28
D 77 5215 2 18 78 26 28
D 74 5219 2 75 48 77 5
D 70 5179 3 12 71 43 74 53 5
D 82 5221 2 33 32 31 5
D 83 5221 2 33 39 31 28
D 81 5223 2 82 49 83 5
D 80 5219 2 17 81 40 5
D 86 5213 2 21 20 19 5
D 87 5213 2 21 27 19 28
D 85 5215 2 86 22 87 5
D 88 5215 2 86 41 87 28
D 84 5219 2 85 48 88 5
D 79 5179 3 12 80 43 84 53 5
D 69 5131 3 7 70 54 79 66 5
D 89 4609 2 2 68 4 3
D 0 4611 3 1 6 67 69 89 5
