c ids of sdd nodes start at 0
c sdd nodes appear bottom-up, children before parents
c
c file syntax:
c sdd count-of-sdd-nodes
c F id-of-false-sdd-node
c T id-of-true-sdd-node
c L id-of-literal-sdd-node id-of-vtree literal
c D id-of-decomposition-sdd-node id-of-vtree number-of-elements {id-of-prime id-of-sub}*
c
sdd 90
L 2 3412 -379
L 3 3414 380
L 4 3412 379
F 5
D 1 3413 2 2 3 4 5
L 8 3468 -673
L 9 3470 674
L 10 3468 673
D 7 3469 2 8 9 10 5
L 13 3488 -671
L 14 3490 672
L 15 3488 671
D 12 3489 2 13 14 15 5
L 19 3524 -3335
L 20 3526 -3336
L 21 3524 3335
D 18 3525 2 19 20 21 5
L 23 3528 -3337
L 24 3530 -3338
L 25 3528 3337
D 22 3529 2 23 24 25 5
L 27 3526 3336
T 28
D 26 3525 2 19 27 21 28
D 17 3527 2 18 22 26 5
L 31 3532 -3339
L 32 3534 -3340
L 33 3532 3339
D 30 3533 2 31 32 33 5
L 35 3536 -3341
L 36 3538 3342
L 37 3536 3341
D 34 3537 2 35 36 37 5
L 39 3534 3340
D 38 3533 2 31 39 33 28
D 29 3535 2 30 34 38 5
L 42 3530 3338
D 41 3529 2 23 42 25 28
D 40 3527 2 18 41 26 28
D 16 3531 2 17 29 40 5
L 44 3490 -672
D 43 3489 2 15 44 13 5
L 48 3538 -3342
D 47 3537 2 37 48 35 5
D 46 3535 2 30 47 38 5
D 45 3531 2 17 46 40 5
D 49 3489 2 13 44 15 14
D 11 3491 3 12 16 43 45 49 5
L 51 3470 -674
D 50 3469 2 10 51 8 5
D 55 3529 2 23 42 25 5
D 54 3527 2 18 55 26 5
D 57 3537 2 35 48 37 5
D 56 3535 2 30 57 38 5
D 59 3529 2 23 24 25 28
D 58 3527 2 18 59 26 28
D 53 3531 2 54 56 58 5
D 62 3529 2 25 24 23 5
D 61 3527 2 18 62 26 5
D 64 3529 2 25 42 23 28
D 63 3527 2 18 64 26 28
D 60 3531 2 61 56 63 5
D 52 3491 3 12 53 43 60 49 5
D 65 3469 2 8 51 10 9
D 6 3471 3 7 11 50 52 65 5
L 67 3414 -380
D 66 3413 2 4 67 2 5
D 72 3533 2 31 39 33 5
D 73 3533 2 31 32 33 28
D 71 3535 2 72 57 73 5
D 70 3531 2 17 71 40 5
D 76 3533 2 33 32 31 5
D 77 3533 2 33 39 31 28
D 75 3535 2 76 57 77 5
D 74 3531 2 17 75 40 5
D 69 3491 3 12 70 43 74 49 5
D 81 3525 2 19 27 21 5
D 82 3525 2 19 20 21 28
D 80 3527 2 81 22 82 5
D 83 3527 2 81 41 82 28
D 79 3531 2 80 56 83 5
D 86 3525 2 21 20 19 5
D 87 3525 2 21 27 19 28
D 85 3527 2 86 22 87 5
D 88 3527 2 86 41 87 28
D 84 3531 2 85 56 88 5
D 78 3491 3 12 79 43 84 49 5
D 68 3471 3 7 69 50 78 65 5
D 89 3413 2 2 67 4 3
D 0 3415 3 1 6 66 68 89 5
