c ids of sdd nodes start at 0
c sdd nodes appear bottom-up, children before parents
c
c file syntax:
c sdd count-of-sdd-nodes
c F id-of-false-sdd-node
c T id-of-true-sdd-node
c L id-of-literal-sdd-node id-of-vtree literal
c D id-of-decomposition-sdd-node id-of-vtree number-of-elements {id-of-prime id-of-sub}*
c
sdd 90
L 2 3348 -677
L 3 3350 678
L 4 3348 677
F 5
D 1 3349 2 2 3 4 5
L 8 3356 -203
L 9 3358 204
L 10 3356 203
D 7 3357 2 8 9 10 5
L 13 3576 -675
L 14 3578 676
L 15 3576 675
D 12 3577 2 13 14 15 5
L 19 3612 -3351
L 20 3614 -3352
L 21 3612 3351
D 18 3613 2 19 20 21 5
L 23 3616 -3353
L 24 3618 -3354
L 25 3616 3353
D 22 3617 2 23 24 25 5
L 27 3614 3352
T 28
D 26 3613 2 19 27 21 28
D 17 3615 2 18 22 26 5
L 31 3620 -3355
L 32 3622 -3356
L 33 3620 3355
D 30 3621 2 31 32 33 5
L 35 3624 -3357
L 36 3626 3358
L 37 3624 3357
D 34 3625 2 35 36 37 5
L 39 3622 3356
D 38 3621 2 31 39 33 28
D 29 3623 2 30 34 38 5
L 42 3618 3354
D 41 3617 2 23 42 25 28
D 40 3615 2 18 41 26 28
D 16 3619 2 17 29 40 5
L 44 3578 -676
D 43 3577 2 15 44 13 5
L 48 3626 -3358
D 47 3625 2 37 48 35 5
D 46 3623 2 30 47 38 5
D 45 3619 2 17 46 40 5
D 49 3577 2 13 44 15 14
D 11 3579 3 12 16 43 45 49 5
L 51 3358 -204
D 50 3357 2 10 51 8 5
D 55 3621 2 31 39 33 5
D 56 3625 2 35 48 37 5
D 57 3621 2 31 32 33 28
D 54 3623 2 55 56 57 5
D 53 3619 2 17 54 40 5
D 60 3621 2 33 32 31 5
D 61 3621 2 33 39 31 28
D 59 3623 2 60 56 61 5
D 58 3619 2 17 59 40 5
D 52 3579 3 12 53 43 58 49 5
D 62 3357 2 8 51 10 9
D 6 3359 3 7 11 50 52 62 5
L 64 3350 -678
D 63 3349 2 4 64 2 5
D 69 3617 2 23 42 25 5
D 68 3615 2 18 69 26 5
D 70 3623 2 30 56 38 5
D 72 3617 2 23 24 25 28
D 71 3615 2 18 72 26 28
D 67 3619 2 68 70 71 5
D 75 3617 2 25 24 23 5
D 74 3615 2 18 75 26 5
D 77 3617 2 25 42 23 28
D 76 3615 2 18 77 26 28
D 73 3619 2 74 70 76 5
D 66 3579 3 12 67 43 73 49 5
D 81 3613 2 19 27 21 5
D 82 3613 2 19 20 21 28
D 80 3615 2 81 22 82 5
D 83 3615 2 81 41 82 28
D 79 3619 2 80 70 83 5
D 86 3613 2 21 20 19 5
D 87 3613 2 21 27 19 28
D 85 3615 2 86 22 87 5
D 88 3615 2 86 41 87 28
D 84 3619 2 85 70 88 5
D 78 3579 3 12 79 43 84 49 5
D 65 3359 3 7 66 50 78 62 5
D 89 3349 2 2 64 4 3
D 0 3351 3 1 6 63 65 89 5
