c ids of sdd nodes start at 0
c sdd nodes appear bottom-up, children before parents
c
c file syntax:
c sdd count-of-sdd-nodes
c F id-of-false-sdd-node
c T id-of-true-sdd-node
c L id-of-literal-sdd-node id-of-vtree literal
c D id-of-decomposition-sdd-node id-of-vtree number-of-elements {id-of-prime id-of-sub}*
c
sdd 90
L 2 4080 -765
L 3 4082 766
L 4 4080 765
F 5
D 1 4081 2 2 3 4 5
L 8 4100 -65
L 9 4102 66
L 10 4100 65
D 7 4101 2 8 9 10 5
L 13 4104 -67
L 14 4106 68
L 15 4104 67
D 12 4105 2 13 14 15 5
L 19 4108 -1061
L 20 4110 -1062
L 21 4108 1061
D 18 4109 2 19 20 21 5
L 23 4112 -1063
L 24 4114 -1064
L 25 4112 1063
D 22 4113 2 23 24 25 5
L 27 4110 1062
T 28
D 26 4109 2 19 27 21 28
D 17 4111 2 18 22 26 5
L 31 4116 -1065
L 32 4118 -1066
L 33 4116 1065
D 30 4117 2 31 32 33 5
L 35 4120 -1067
L 36 4122 1068
L 37 4120 1067
D 34 4121 2 35 36 37 5
L 39 4118 1066
D 38 4117 2 31 39 33 28
D 29 4119 2 30 34 38 5
L 42 4114 1064
D 41 4113 2 23 42 25 28
D 40 4111 2 18 41 26 28
D 16 4115 2 17 29 40 5
L 44 4106 -68
D 43 4105 2 15 44 13 5
L 48 4122 -1068
D 47 4121 2 37 48 35 5
D 46 4119 2 30 47 38 5
D 45 4115 2 17 46 40 5
D 49 4105 2 13 44 15 14
D 11 4107 3 12 16 43 45 49 5
L 51 4102 -66
D 50 4101 2 10 51 8 5
D 55 4113 2 23 42 25 5
D 54 4111 2 18 55 26 5
D 57 4121 2 35 48 37 5
D 56 4119 2 30 57 38 5
D 59 4113 2 23 24 25 28
D 58 4111 2 18 59 26 28
D 53 4115 2 54 56 58 5
D 62 4113 2 25 24 23 5
D 61 4111 2 18 62 26 5
D 64 4113 2 25 42 23 28
D 63 4111 2 18 64 26 28
D 60 4115 2 61 56 63 5
D 52 4107 3 12 53 43 60 49 5
D 65 4101 2 8 51 10 9
D 6 4103 3 7 11 50 52 65 5
L 67 4082 -766
D 66 4081 2 4 67 2 5
D 72 4117 2 31 39 33 5
D 73 4117 2 31 32 33 28
D 71 4119 2 72 57 73 5
D 70 4115 2 17 71 40 5
D 76 4117 2 33 32 31 5
D 77 4117 2 33 39 31 28
D 75 4119 2 76 57 77 5
D 74 4115 2 17 75 40 5
D 69 4107 3 12 70 43 74 49 5
D 81 4109 2 19 27 21 5
D 82 4109 2 19 20 21 28
D 80 4111 2 81 22 82 5
D 83 4111 2 81 41 82 28
D 79 4115 2 80 56 83 5
D 86 4109 2 21 20 19 5
D 87 4109 2 21 27 19 28
D 85 4111 2 86 22 87 5
D 88 4111 2 86 41 87 28
D 84 4115 2 85 56 88 5
D 78 4107 3 12 79 43 84 49 5
D 68 4103 3 7 69 50 78 65 5
D 89 4081 2 2 67 4 3
D 0 4083 3 1 6 66 68 89 5
