c ids of sdd nodes start at 0
c sdd nodes appear bottom-up, children before parents
c
c file syntax:
c sdd count-of-sdd-nodes
c F id-of-false-sdd-node
c T id-of-true-sdd-node
c L id-of-literal-sdd-node id-of-vtree literal
c D id-of-decomposition-sdd-node id-of-vtree number-of-elements {id-of-prime id-of-sub}*
c
sdd 90
L 2 4 -683
L 3 6 684
L 4 4 683
F 5
D 1 5 2 2 3 4 5
L 8 3328 -681
L 9 3330 682
L 10 3328 681
D 7 3329 2 8 9 10 5
L 13 4620 -193
L 14 4622 194
L 15 4620 193
D 12 4621 2 13 14 15 5
L 19 4624 -3375
L 20 4626 -3376
L 21 4624 3375
D 18 4625 2 19 20 21 5
L 23 4628 -3377
L 24 4630 -3378
L 25 4628 3377
D 22 4629 2 23 24 25 5
L 27 4626 3376
T 28
D 26 4625 2 19 27 21 28
D 17 4627 2 18 22 26 5
L 31 4632 -3379
L 32 4634 -3380
L 33 4632 3379
D 30 4633 2 31 32 33 5
L 35 4636 -3381
L 36 4638 3382
L 37 4636 3381
D 34 4637 2 35 36 37 5
L 39 4634 3380
D 38 4633 2 31 39 33 28
D 29 4635 2 30 34 38 5
L 42 4630 3378
D 41 4629 2 23 42 25 28
D 40 4627 2 18 41 26 28
D 16 4631 2 17 29 40 5
L 44 4622 -194
D 43 4621 2 15 44 13 5
D 47 4633 2 31 39 33 5
L 49 4638 -3382
D 48 4637 2 35 49 37 5
D 50 4633 2 31 32 33 28
D 46 4635 2 47 48 50 5
D 45 4631 2 17 46 40 5
D 51 4621 2 13 44 15 14
D 11 4623 3 12 16 43 45 51 5
L 53 3330 -682
D 52 3329 2 10 53 8 5
D 57 4637 2 37 49 35 5
D 56 4635 2 30 57 38 5
D 55 4631 2 17 56 40 5
D 60 4633 2 33 32 31 5
D 61 4633 2 33 39 31 28
D 59 4635 2 60 48 61 5
D 58 4631 2 17 59 40 5
D 54 4623 3 12 55 43 58 51 5
D 62 3329 2 8 53 10 9
D 6 3331 3 7 11 52 54 62 5
L 64 6 -684
D 63 5 2 4 64 2 5
D 69 4629 2 23 42 25 5
D 68 4627 2 18 69 26 5
D 70 4635 2 30 48 38 5
D 72 4629 2 23 24 25 28
D 71 4627 2 18 72 26 28
D 67 4631 2 68 70 71 5
D 75 4625 2 19 27 21 5
D 76 4625 2 19 20 21 28
D 74 4627 2 75 22 76 5
D 77 4627 2 75 41 76 28
D 73 4631 2 74 70 77 5
D 66 4623 3 12 67 43 73 51 5
D 81 4629 2 25 24 23 5
D 80 4627 2 18 81 26 5
D 83 4629 2 25 42 23 28
D 82 4627 2 18 83 26 28
D 79 4631 2 80 70 82 5
D 86 4625 2 21 20 19 5
D 87 4625 2 21 27 19 28
D 85 4627 2 86 22 87 5
D 88 4627 2 86 41 87 28
D 84 4631 2 85 70 88 5
D 78 4623 3 12 79 43 84 51 5
D 65 3331 3 7 66 52 78 62 5
D 89 5 2 2 64 4 3
D 0 7 3 1 6 63 65 89 5
