c ids of sdd nodes start at 0
c sdd nodes appear bottom-up, children before parents
c
c file syntax:
c sdd count-of-sdd-nodes
c F id-of-false-sdd-node
c T id-of-true-sdd-node
c L id-of-literal-sdd-node id-of-vtree literal
c D id-of-decomposition-sdd-node id-of-vtree number-of-elements {id-of-prime id-of-sub}*
c
sdd 90
L 2 5456 -389
L 3 5458 390
L 4 5456 389
F 5
D 1 5457 2 2 3 4 5
L 8 5500 -685
L 9 5502 686
L 10 5500 685
D 7 5501 2 8 9 10 5
L 13 5548 -687
L 14 5550 688
L 15 5548 687
D 12 5549 2 13 14 15 5
L 19 5568 -3391
L 20 5570 -3392
L 21 5568 3391
D 18 5569 2 19 20 21 5
L 23 5572 -3393
L 24 5574 -3394
L 25 5572 3393
D 22 5573 2 23 24 25 5
L 27 5570 3392
T 28
D 26 5569 2 19 27 21 28
D 17 5571 2 18 22 26 5
L 31 5576 -3395
L 32 5578 -3396
L 33 5576 3395
D 30 5577 2 31 32 33 5
L 35 5580 -3397
L 36 5582 3398
L 37 5580 3397
D 34 5581 2 35 36 37 5
L 39 5578 3396
D 38 5577 2 31 39 33 28
D 29 5579 2 30 34 38 5
L 42 5574 3394
D 41 5573 2 23 42 25 28
D 40 5571 2 18 41 26 28
D 16 5575 2 17 29 40 5
L 44 5550 -688
D 43 5549 2 15 44 13 5
D 47 5573 2 23 42 25 5
D 46 5571 2 18 47 26 5
L 50 5582 -3398
D 49 5581 2 35 50 37 5
D 48 5579 2 30 49 38 5
D 52 5573 2 23 24 25 28
D 51 5571 2 18 52 26 28
D 45 5575 2 46 48 51 5
D 53 5549 2 13 44 15 14
D 11 5551 3 12 16 43 45 53 5
L 55 5502 -686
D 54 5501 2 10 55 8 5
D 59 5581 2 37 50 35 5
D 58 5579 2 30 59 38 5
D 57 5575 2 17 58 40 5
D 62 5573 2 25 24 23 5
D 61 5571 2 18 62 26 5
D 64 5573 2 25 42 23 28
D 63 5571 2 18 64 26 28
D 60 5575 2 61 48 63 5
D 56 5551 3 12 57 43 60 53 5
D 65 5501 2 8 55 10 9
D 6 5503 3 7 11 54 56 65 5
L 67 5458 -390
D 66 5457 2 4 67 2 5
D 72 5577 2 31 39 33 5
D 73 5577 2 31 32 33 28
D 71 5579 2 72 49 73 5
D 70 5575 2 17 71 40 5
D 76 5569 2 19 27 21 5
D 77 5569 2 19 20 21 28
D 75 5571 2 76 22 77 5
D 78 5571 2 76 41 77 28
D 74 5575 2 75 48 78 5
D 69 5551 3 12 70 43 74 53 5
D 82 5577 2 33 32 31 5
D 83 5577 2 33 39 31 28
D 81 5579 2 82 49 83 5
D 80 5575 2 17 81 40 5
D 86 5569 2 21 20 19 5
D 87 5569 2 21 27 19 28
D 85 5571 2 86 22 87 5
D 88 5571 2 86 41 87 28
D 84 5575 2 85 48 88 5
D 79 5551 3 12 80 43 84 53 5
D 68 5503 3 7 69 54 79 65 5
D 89 5457 2 2 67 4 3
D 0 5459 3 1 6 66 68 89 5
