c ids of sdd nodes start at 0
c sdd nodes appear bottom-up, children before parents
c
c file syntax:
c sdd count-of-sdd-nodes
c F id-of-false-sdd-node
c T id-of-true-sdd-node
c L id-of-literal-sdd-node id-of-vtree literal
c D id-of-decomposition-sdd-node id-of-vtree number-of-elements {id-of-prime id-of-sub}*
c
sdd 90
L 2 5452 -691
L 3 5454 692
L 4 5452 691
F 5
D 1 5453 2 2 3 4 5
L 8 5584 -423
L 9 5586 424
L 10 5584 423
D 7 5585 2 8 9 10 5
L 13 5676 -693
L 14 5678 694
L 15 5676 693
D 12 5677 2 13 14 15 5
L 19 5696 -3407
L 20 5698 -3408
L 21 5696 3407
D 18 5697 2 19 20 21 5
L 23 5700 -3409
L 24 5702 -3410
L 25 5700 3409
D 22 5701 2 23 24 25 5
L 27 5698 3408
T 28
D 26 5697 2 19 27 21 28
D 17 5699 2 18 22 26 5
L 31 5704 -3411
L 32 5706 -3412
L 33 5704 3411
D 30 5705 2 31 32 33 5
L 35 5708 -3413
L 36 5710 3414
L 37 5708 3413
D 34 5709 2 35 36 37 5
L 39 5706 3412
D 38 5705 2 31 39 33 28
D 29 5707 2 30 34 38 5
L 42 5702 3410
D 41 5701 2 23 42 25 28
D 40 5699 2 18 41 26 28
D 16 5703 2 17 29 40 5
L 44 5678 -694
D 43 5677 2 15 44 13 5
D 47 5701 2 23 42 25 5
D 46 5699 2 18 47 26 5
L 50 5710 -3414
D 49 5709 2 35 50 37 5
D 48 5707 2 30 49 38 5
D 52 5701 2 23 24 25 28
D 51 5699 2 18 52 26 28
D 45 5703 2 46 48 51 5
D 53 5677 2 13 44 15 14
D 11 5679 3 12 16 43 45 53 5
L 55 5586 -424
D 54 5585 2 10 55 8 5
D 59 5705 2 31 39 33 5
D 60 5705 2 31 32 33 28
D 58 5707 2 59 49 60 5
D 57 5703 2 17 58 40 5
D 63 5697 2 19 27 21 5
D 64 5697 2 19 20 21 28
D 62 5699 2 63 22 64 5
D 65 5699 2 63 41 64 28
D 61 5703 2 62 48 65 5
D 56 5679 3 12 57 43 61 53 5
D 66 5585 2 8 55 10 9
D 6 5587 3 7 11 54 56 66 5
L 68 5454 -692
D 67 5453 2 4 68 2 5
D 73 5709 2 37 50 35 5
D 72 5707 2 30 73 38 5
D 71 5703 2 17 72 40 5
D 76 5701 2 25 24 23 5
D 75 5699 2 18 76 26 5
D 78 5701 2 25 42 23 28
D 77 5699 2 18 78 26 28
D 74 5703 2 75 48 77 5
D 70 5679 3 12 71 43 74 53 5
D 82 5705 2 33 32 31 5
D 83 5705 2 33 39 31 28
D 81 5707 2 82 49 83 5
D 80 5703 2 17 81 40 5
D 86 5697 2 21 20 19 5
D 87 5697 2 21 27 19 28
D 85 5699 2 86 22 87 5
D 88 5699 2 86 41 87 28
D 84 5703 2 85 48 88 5
D 79 5679 3 12 80 43 84 53 5
D 69 5587 3 7 70 54 79 66 5
D 89 5453 2 2 68 4 3
D 0 5455 3 1 6 67 69 89 5
