c ids of sdd nodes start at 0
c sdd nodes appear bottom-up, children before parents
c
c file syntax:
c sdd count-of-sdd-nodes
c F id-of-false-sdd-node
c T id-of-true-sdd-node
c L id-of-literal-sdd-node id-of-vtree literal
c D id-of-decomposition-sdd-node id-of-vtree number-of-elements {id-of-prime id-of-sub}*
c
sdd 90
L 2 3632 -69
L 3 3634 70
L 4 3632 69
F 5
D 1 3633 2 2 3 4 5
L 8 3968 -753
L 9 3970 754
L 10 3968 753
D 7 3969 2 8 9 10 5
L 13 4104 -67
L 14 4106 68
L 15 4104 67
D 12 4105 2 13 14 15 5
L 19 4124 -1069
L 20 4126 -1070
L 21 4124 1069
D 18 4125 2 19 20 21 5
L 23 4128 -1071
L 24 4130 -1072
L 25 4128 1071
D 22 4129 2 23 24 25 5
L 27 4126 1070
T 28
D 26 4125 2 19 27 21 28
D 17 4127 2 18 22 26 5
L 31 4132 -1073
L 32 4134 -1074
L 33 4132 1073
D 30 4133 2 31 32 33 5
L 35 4136 -1075
L 36 4138 1076
L 37 4136 1075
D 34 4137 2 35 36 37 5
L 39 4134 1074
D 38 4133 2 31 39 33 28
D 29 4135 2 30 34 38 5
L 42 4130 1072
D 41 4129 2 23 42 25 28
D 40 4127 2 18 41 26 28
D 16 4131 2 17 29 40 5
L 44 4106 -68
D 43 4105 2 15 44 13 5
D 47 4129 2 23 42 25 5
D 46 4127 2 18 47 26 5
L 50 4138 -1076
D 49 4137 2 35 50 37 5
D 48 4135 2 30 49 38 5
D 52 4129 2 23 24 25 28
D 51 4127 2 18 52 26 28
D 45 4131 2 46 48 51 5
D 53 4105 2 13 44 15 14
D 11 4107 3 12 16 43 45 53 5
L 55 3970 -754
D 54 3969 2 10 55 8 5
D 59 4133 2 31 39 33 5
D 60 4133 2 31 32 33 28
D 58 4135 2 59 49 60 5
D 57 4131 2 17 58 40 5
D 63 4125 2 19 27 21 5
D 64 4125 2 19 20 21 28
D 62 4127 2 63 22 64 5
D 65 4127 2 63 41 64 28
D 61 4131 2 62 48 65 5
D 56 4107 3 12 57 43 61 53 5
D 66 3969 2 8 55 10 9
D 6 3971 3 7 11 54 56 66 5
L 68 3634 -70
D 67 3633 2 4 68 2 5
D 73 4137 2 37 50 35 5
D 72 4135 2 30 73 38 5
D 71 4131 2 17 72 40 5
D 76 4129 2 25 24 23 5
D 75 4127 2 18 76 26 5
D 78 4129 2 25 42 23 28
D 77 4127 2 18 78 26 28
D 74 4131 2 75 48 77 5
D 70 4107 3 12 71 43 74 53 5
D 82 4133 2 33 32 31 5
D 83 4133 2 33 39 31 28
D 81 4135 2 82 49 83 5
D 80 4131 2 17 81 40 5
D 86 4125 2 21 20 19 5
D 87 4125 2 21 27 19 28
D 85 4127 2 86 22 87 5
D 88 4127 2 86 41 87 28
D 84 4131 2 85 48 88 5
D 79 4107 3 12 80 43 84 53 5
D 69 3971 3 7 70 54 79 66 5
D 89 3633 2 2 68 4 3
D 0 3635 3 1 6 67 69 89 5
