c ids of sdd nodes start at 0
c sdd nodes appear bottom-up, children before parents
c
c file syntax:
c sdd count-of-sdd-nodes
c F id-of-false-sdd-node
c T id-of-true-sdd-node
c L id-of-literal-sdd-node id-of-vtree literal
c D id-of-decomposition-sdd-node id-of-vtree number-of-elements {id-of-prime id-of-sub}*
c
sdd 90
L 2 4668 -427
L 3 4670 428
L 4 4668 427
F 5
D 1 4669 2 2 3 4 5
L 8 4692 -701
L 9 4694 702
L 10 4692 701
D 7 4693 2 8 9 10 5
L 13 4784 -695
L 14 4786 696
L 15 4784 695
D 12 4785 2 13 14 15 5
L 19 4804 -3447
L 20 4806 -3448
L 21 4804 3447
D 18 4805 2 19 20 21 5
L 23 4808 -3449
L 24 4810 -3450
L 25 4808 3449
D 22 4809 2 23 24 25 5
L 27 4806 3448
T 28
D 26 4805 2 19 27 21 28
D 17 4807 2 18 22 26 5
L 31 4812 -3451
L 32 4814 -3452
L 33 4812 3451
D 30 4813 2 31 32 33 5
L 35 4816 -3453
L 36 4818 3454
L 37 4816 3453
D 34 4817 2 35 36 37 5
L 39 4814 3452
D 38 4813 2 31 39 33 28
D 29 4815 2 30 34 38 5
L 42 4810 3450
D 41 4809 2 23 42 25 28
D 40 4807 2 18 41 26 28
D 16 4811 2 17 29 40 5
L 44 4786 -696
D 43 4785 2 15 44 13 5
D 47 4809 2 23 42 25 5
D 46 4807 2 18 47 26 5
L 50 4818 -3454
D 49 4817 2 35 50 37 5
D 48 4815 2 30 49 38 5
D 52 4809 2 23 24 25 28
D 51 4807 2 18 52 26 28
D 45 4811 2 46 48 51 5
D 53 4785 2 13 44 15 14
D 11 4787 3 12 16 43 45 53 5
L 55 4694 -702
D 54 4693 2 10 55 8 5
D 59 4817 2 37 50 35 5
D 58 4815 2 30 59 38 5
D 57 4811 2 17 58 40 5
D 62 4809 2 25 24 23 5
D 61 4807 2 18 62 26 5
D 64 4809 2 25 42 23 28
D 63 4807 2 18 64 26 28
D 60 4811 2 61 48 63 5
D 56 4787 3 12 57 43 60 53 5
D 65 4693 2 8 55 10 9
D 6 4695 3 7 11 54 56 65 5
L 67 4670 -428
D 66 4669 2 4 67 2 5
D 72 4813 2 31 39 33 5
D 73 4813 2 31 32 33 28
D 71 4815 2 72 49 73 5
D 70 4811 2 17 71 40 5
D 76 4805 2 19 27 21 5
D 77 4805 2 19 20 21 28
D 75 4807 2 76 22 77 5
D 78 4807 2 76 41 77 28
D 74 4811 2 75 48 78 5
D 69 4787 3 12 70 43 74 53 5
D 82 4813 2 33 32 31 5
D 83 4813 2 33 39 31 28
D 81 4815 2 82 49 83 5
D 80 4811 2 17 81 40 5
D 86 4805 2 21 20 19 5
D 87 4805 2 21 27 19 28
D 85 4807 2 86 22 87 5
D 88 4807 2 86 41 87 28
D 84 4811 2 85 48 88 5
D 79 4787 3 12 80 43 84 53 5
D 68 4695 3 7 69 54 79 65 5
D 89 4669 2 2 67 4 3
D 0 4671 3 1 6 66 68 89 5
