c ids of sdd nodes start at 0
c sdd nodes appear bottom-up, children before parents
c
c file syntax:
c sdd count-of-sdd-nodes
c F id-of-false-sdd-node
c T id-of-true-sdd-node
c L id-of-literal-sdd-node id-of-vtree literal
c D id-of-decomposition-sdd-node id-of-vtree number-of-elements {id-of-prime id-of-sub}*
c
sdd 90
L 2 3324 -705
L 3 3326 706
L 4 3324 705
F 5
D 1 3325 2 2 3 4 5
L 8 3344 -703
L 9 3346 704
L 10 3344 703
D 7 3345 2 8 9 10 5
L 13 4324 -437
L 14 4326 438
L 15 4324 437
D 12 4325 2 13 14 15 5
L 19 4360 -3455
L 20 4362 -3456
L 21 4360 3455
D 18 4361 2 19 20 21 5
L 23 4364 -3457
L 24 4366 -3458
L 25 4364 3457
D 22 4365 2 23 24 25 5
L 27 4362 3456
T 28
D 26 4361 2 19 27 21 28
D 17 4363 2 18 22 26 5
L 31 4368 -3459
L 32 4370 -3460
L 33 4368 3459
D 30 4369 2 31 32 33 5
L 35 4372 -3461
L 36 4374 3462
L 37 4372 3461
D 34 4373 2 35 36 37 5
L 39 4370 3460
D 38 4369 2 31 39 33 28
D 29 4371 2 30 34 38 5
L 42 4366 3458
D 41 4365 2 23 42 25 28
D 40 4363 2 18 41 26 28
D 16 4367 2 17 29 40 5
L 44 4326 -438
D 43 4325 2 15 44 13 5
D 47 4369 2 31 39 33 5
L 49 4374 -3462
D 48 4373 2 35 49 37 5
D 50 4369 2 31 32 33 28
D 46 4371 2 47 48 50 5
D 45 4367 2 17 46 40 5
D 51 4325 2 13 44 15 14
D 11 4327 3 12 16 43 45 51 5
L 53 3346 -704
D 52 3345 2 10 53 8 5
D 57 4373 2 37 49 35 5
D 56 4371 2 30 57 38 5
D 55 4367 2 17 56 40 5
D 60 4369 2 33 32 31 5
D 61 4369 2 33 39 31 28
D 59 4371 2 60 48 61 5
D 58 4367 2 17 59 40 5
D 54 4327 3 12 55 43 58 51 5
D 62 3345 2 8 53 10 9
D 6 3347 3 7 11 52 54 62 5
L 64 3326 -706
D 63 3325 2 4 64 2 5
D 69 4365 2 23 42 25 5
D 68 4363 2 18 69 26 5
D 70 4371 2 30 48 38 5
D 72 4365 2 23 24 25 28
D 71 4363 2 18 72 26 28
D 67 4367 2 68 70 71 5
D 75 4361 2 19 27 21 5
D 76 4361 2 19 20 21 28
D 74 4363 2 75 22 76 5
D 77 4363 2 75 41 76 28
D 73 4367 2 74 70 77 5
D 66 4327 3 12 67 43 73 51 5
D 81 4365 2 25 24 23 5
D 80 4363 2 18 81 26 5
D 83 4365 2 25 42 23 28
D 82 4363 2 18 83 26 28
D 79 4367 2 80 70 82 5
D 86 4361 2 21 20 19 5
D 87 4361 2 21 27 19 28
D 85 4363 2 86 22 87 5
D 88 4363 2 86 41 87 28
D 84 4367 2 85 70 88 5
D 78 4327 3 12 79 43 84 51 5
D 65 3347 3 7 66 52 78 62 5
D 89 3325 2 2 64 4 3
D 0 3327 3 1 6 63 65 89 5
