c ids of sdd nodes start at 0
c sdd nodes appear bottom-up, children before parents
c
c file syntax:
c sdd count-of-sdd-nodes
c F id-of-false-sdd-node
c T id-of-true-sdd-node
c L id-of-literal-sdd-node id-of-vtree literal
c D id-of-decomposition-sdd-node id-of-vtree number-of-elements {id-of-prime id-of-sub}*
c
sdd 90
L 2 2300 -767
L 3 2302 768
L 4 2300 767
F 5
D 1 2301 2 2 3 4 5
L 8 2304 -495
L 9 2306 496
L 10 2304 495
D 7 2305 2 8 9 10 5
L 13 2364 -707
L 14 2366 708
L 15 2364 707
D 12 2365 2 13 14 15 5
L 19 2368 -3471
L 20 2370 -3472
L 21 2368 3471
D 18 2369 2 19 20 21 5
L 23 2372 -3473
L 24 2374 -3474
L 25 2372 3473
D 22 2373 2 23 24 25 5
L 27 2370 3472
T 28
D 26 2369 2 19 27 21 28
D 17 2371 2 18 22 26 5
L 31 2376 -3475
L 32 2378 -3476
L 33 2376 3475
D 30 2377 2 31 32 33 5
L 35 2380 -3477
L 36 2382 3478
L 37 2380 3477
D 34 2381 2 35 36 37 5
L 39 2378 3476
D 38 2377 2 31 39 33 28
D 29 2379 2 30 34 38 5
L 42 2374 3474
D 41 2373 2 23 42 25 28
D 40 2371 2 18 41 26 28
D 16 2375 2 17 29 40 5
L 44 2366 -708
D 43 2365 2 15 44 13 5
L 48 2382 -3478
D 47 2381 2 37 48 35 5
D 46 2379 2 30 47 38 5
D 45 2375 2 17 46 40 5
D 49 2365 2 13 44 15 14
D 11 2367 3 12 16 43 45 49 5
L 51 2306 -496
D 50 2305 2 10 51 8 5
D 55 2377 2 31 39 33 5
D 56 2381 2 35 48 37 5
D 57 2377 2 31 32 33 28
D 54 2379 2 55 56 57 5
D 53 2375 2 17 54 40 5
D 60 2377 2 33 32 31 5
D 61 2377 2 33 39 31 28
D 59 2379 2 60 56 61 5
D 58 2375 2 17 59 40 5
D 52 2367 3 12 53 43 58 49 5
D 62 2305 2 8 51 10 9
D 6 2307 3 7 11 50 52 62 5
L 64 2302 -768
D 63 2301 2 4 64 2 5
D 69 2373 2 23 42 25 5
D 68 2371 2 18 69 26 5
D 70 2379 2 30 56 38 5
D 72 2373 2 23 24 25 28
D 71 2371 2 18 72 26 28
D 67 2375 2 68 70 71 5
D 75 2373 2 25 24 23 5
D 74 2371 2 18 75 26 5
D 77 2373 2 25 42 23 28
D 76 2371 2 18 77 26 28
D 73 2375 2 74 70 76 5
D 66 2367 3 12 67 43 73 49 5
D 81 2369 2 19 27 21 5
D 82 2369 2 19 20 21 28
D 80 2371 2 81 22 82 5
D 83 2371 2 81 41 82 28
D 79 2375 2 80 70 83 5
D 86 2369 2 21 20 19 5
D 87 2369 2 21 27 19 28
D 85 2371 2 86 22 87 5
D 88 2371 2 86 41 87 28
D 84 2375 2 85 70 88 5
D 78 2367 3 12 79 43 84 49 5
D 65 2307 3 7 66 50 78 62 5
D 89 2301 2 2 64 4 3
D 0 2303 3 1 6 63 65 89 5
