c ids of sdd nodes start at 0
c sdd nodes appear bottom-up, children before parents
c
c file syntax:
c sdd count-of-sdd-nodes
c F id-of-false-sdd-node
c T id-of-true-sdd-node
c L id-of-literal-sdd-node id-of-vtree literal
c D id-of-decomposition-sdd-node id-of-vtree number-of-elements {id-of-prime id-of-sub}*
c
sdd 90
L 2 84 -79
L 3 86 80
L 4 84 79
F 5
D 1 85 2 2 3 4 5
L 8 2476 -499
L 9 2478 500
L 10 2476 499
D 7 2477 2 8 9 10 5
L 13 2512 -711
L 14 2514 712
L 15 2512 711
D 12 2513 2 13 14 15 5
L 19 2516 -3487
L 20 2518 -3488
L 21 2516 3487
D 18 2517 2 19 20 21 5
L 23 2520 -3489
L 24 2522 -3490
L 25 2520 3489
D 22 2521 2 23 24 25 5
L 27 2518 3488
T 28
D 26 2517 2 19 27 21 28
D 17 2519 2 18 22 26 5
L 31 2524 -3491
L 32 2526 -3492
L 33 2524 3491
D 30 2525 2 31 32 33 5
L 35 2528 -3493
L 36 2530 3494
L 37 2528 3493
D 34 2529 2 35 36 37 5
L 39 2526 3492
D 38 2525 2 31 39 33 28
D 29 2527 2 30 34 38 5
L 42 2522 3490
D 41 2521 2 23 42 25 28
D 40 2519 2 18 41 26 28
D 16 2523 2 17 29 40 5
L 44 2514 -712
D 43 2513 2 15 44 13 5
L 48 2530 -3494
D 47 2529 2 37 48 35 5
D 46 2527 2 30 47 38 5
D 45 2523 2 17 46 40 5
D 49 2513 2 13 44 15 14
D 11 2515 3 12 16 43 45 49 5
L 51 2478 -500
D 50 2477 2 10 51 8 5
D 55 2525 2 31 39 33 5
D 56 2529 2 35 48 37 5
D 57 2525 2 31 32 33 28
D 54 2527 2 55 56 57 5
D 53 2523 2 17 54 40 5
D 60 2525 2 33 32 31 5
D 61 2525 2 33 39 31 28
D 59 2527 2 60 56 61 5
D 58 2523 2 17 59 40 5
D 52 2515 3 12 53 43 58 49 5
D 62 2477 2 8 51 10 9
D 6 2479 3 7 11 50 52 62 5
L 64 86 -80
D 63 85 2 4 64 2 5
D 69 2521 2 23 42 25 5
D 68 2519 2 18 69 26 5
D 70 2527 2 30 56 38 5
D 72 2521 2 23 24 25 28
D 71 2519 2 18 72 26 28
D 67 2523 2 68 70 71 5
D 75 2521 2 25 24 23 5
D 74 2519 2 18 75 26 5
D 77 2521 2 25 42 23 28
D 76 2519 2 18 77 26 28
D 73 2523 2 74 70 76 5
D 66 2515 3 12 67 43 73 49 5
D 81 2517 2 19 27 21 5
D 82 2517 2 19 20 21 28
D 80 2519 2 81 22 82 5
D 83 2519 2 81 41 82 28
D 79 2523 2 80 70 83 5
D 86 2517 2 21 20 19 5
D 87 2517 2 21 27 19 28
D 85 2519 2 86 22 87 5
D 88 2519 2 86 41 87 28
D 84 2523 2 85 70 88 5
D 78 2515 3 12 79 43 84 49 5
D 65 2479 3 7 66 50 78 62 5
D 89 85 2 2 64 4 3
D 0 87 3 1 6 63 65 89 5
