c ids of sdd nodes start at 0
c sdd nodes appear bottom-up, children before parents
c
c file syntax:
c sdd count-of-sdd-nodes
c F id-of-false-sdd-node
c T id-of-true-sdd-node
c L id-of-literal-sdd-node id-of-vtree literal
c D id-of-decomposition-sdd-node id-of-vtree number-of-elements {id-of-prime id-of-sub}*
c
sdd 90
L 2 5152 -713
L 3 5154 714
L 4 5152 713
F 5
D 1 5153 2 2 3 4 5
L 8 6808 -149
L 9 6810 150
L 10 6808 149
D 7 6809 2 8 9 10 5
L 13 6828 -321
L 14 6830 322
L 15 6828 321
D 12 6829 2 13 14 15 5
L 19 6864 -3495
L 20 6866 -3496
L 21 6864 3495
D 18 6865 2 19 20 21 5
L 23 6868 -3497
L 24 6870 -3498
L 25 6868 3497
D 22 6869 2 23 24 25 5
L 27 6866 3496
T 28
D 26 6865 2 19 27 21 28
D 17 6867 2 18 22 26 5
L 31 6872 -3499
L 32 6874 -3500
L 33 6872 3499
D 30 6873 2 31 32 33 5
L 35 6876 -3501
L 36 6878 3502
L 37 6876 3501
D 34 6877 2 35 36 37 5
L 39 6874 3500
D 38 6873 2 31 39 33 28
D 29 6875 2 30 34 38 5
L 42 6870 3498
D 41 6869 2 23 42 25 28
D 40 6867 2 18 41 26 28
D 16 6871 2 17 29 40 5
L 44 6830 -322
D 43 6829 2 15 44 13 5
D 47 6869 2 23 42 25 5
D 46 6867 2 18 47 26 5
L 50 6878 -3502
D 49 6877 2 35 50 37 5
D 48 6875 2 30 49 38 5
D 52 6869 2 23 24 25 28
D 51 6867 2 18 52 26 28
D 45 6871 2 46 48 51 5
D 53 6829 2 13 44 15 14
D 11 6831 3 12 16 43 45 53 5
L 55 6810 -150
D 54 6809 2 10 55 8 5
D 59 6873 2 31 39 33 5
D 60 6873 2 31 32 33 28
D 58 6875 2 59 49 60 5
D 57 6871 2 17 58 40 5
D 63 6865 2 19 27 21 5
D 64 6865 2 19 20 21 28
D 62 6867 2 63 22 64 5
D 65 6867 2 63 41 64 28
D 61 6871 2 62 48 65 5
D 56 6831 3 12 57 43 61 53 5
D 66 6809 2 8 55 10 9
D 6 6811 3 7 11 54 56 66 5
L 68 5154 -714
D 67 5153 2 4 68 2 5
D 73 6877 2 37 50 35 5
D 72 6875 2 30 73 38 5
D 71 6871 2 17 72 40 5
D 76 6869 2 25 24 23 5
D 75 6867 2 18 76 26 5
D 78 6869 2 25 42 23 28
D 77 6867 2 18 78 26 28
D 74 6871 2 75 48 77 5
D 70 6831 3 12 71 43 74 53 5
D 82 6873 2 33 32 31 5
D 83 6873 2 33 39 31 28
D 81 6875 2 82 49 83 5
D 80 6871 2 17 81 40 5
D 86 6865 2 21 20 19 5
D 87 6865 2 21 27 19 28
D 85 6867 2 86 22 87 5
D 88 6867 2 86 41 87 28
D 84 6871 2 85 48 88 5
D 79 6831 3 12 80 43 84 53 5
D 69 6811 3 7 70 54 79 66 5
D 89 5153 2 2 68 4 3
D 0 5155 3 1 6 67 69 89 5
