c ids of sdd nodes start at 0
c sdd nodes appear bottom-up, children before parents
c
c file syntax:
c sdd count-of-sdd-nodes
c F id-of-false-sdd-node
c T id-of-true-sdd-node
c L id-of-literal-sdd-node id-of-vtree literal
c D id-of-decomposition-sdd-node id-of-vtree number-of-elements {id-of-prime id-of-sub}*
c
sdd 90
L 2 2284 -719
L 3 2286 720
L 4 2284 719
F 5
D 1 2285 2 2 3 4 5
L 8 2288 -491
L 9 2290 492
L 10 2288 491
D 7 2289 2 8 9 10 5
L 13 2344 -709
L 14 2346 710
L 15 2344 709
D 12 2345 2 13 14 15 5
L 19 2348 -3519
L 20 2350 -3520
L 21 2348 3519
D 18 2349 2 19 20 21 5
L 23 2352 -3521
L 24 2354 -3522
L 25 2352 3521
D 22 2353 2 23 24 25 5
L 27 2350 3520
T 28
D 26 2349 2 19 27 21 28
D 17 2351 2 18 22 26 5
L 31 2356 -3523
L 32 2358 -3524
L 33 2356 3523
D 30 2357 2 31 32 33 5
L 35 2360 -3525
L 36 2362 3526
L 37 2360 3525
D 34 2361 2 35 36 37 5
L 39 2358 3524
D 38 2357 2 31 39 33 28
D 29 2359 2 30 34 38 5
L 42 2354 3522
D 41 2353 2 23 42 25 28
D 40 2351 2 18 41 26 28
D 16 2355 2 17 29 40 5
L 44 2346 -710
D 43 2345 2 15 44 13 5
D 47 2353 2 23 42 25 5
D 46 2351 2 18 47 26 5
L 50 2362 -3526
D 49 2361 2 35 50 37 5
D 48 2359 2 30 49 38 5
D 52 2353 2 23 24 25 28
D 51 2351 2 18 52 26 28
D 45 2355 2 46 48 51 5
D 53 2345 2 13 44 15 14
D 11 2347 3 12 16 43 45 53 5
L 55 2290 -492
D 54 2289 2 10 55 8 5
D 59 2357 2 31 39 33 5
D 60 2357 2 31 32 33 28
D 58 2359 2 59 49 60 5
D 57 2355 2 17 58 40 5
D 63 2349 2 19 27 21 5
D 64 2349 2 19 20 21 28
D 62 2351 2 63 22 64 5
D 65 2351 2 63 41 64 28
D 61 2355 2 62 48 65 5
D 56 2347 3 12 57 43 61 53 5
D 66 2289 2 8 55 10 9
D 6 2291 3 7 11 54 56 66 5
L 68 2286 -720
D 67 2285 2 4 68 2 5
D 73 2361 2 37 50 35 5
D 72 2359 2 30 73 38 5
D 71 2355 2 17 72 40 5
D 76 2353 2 25 24 23 5
D 75 2351 2 18 76 26 5
D 78 2353 2 25 42 23 28
D 77 2351 2 18 78 26 28
D 74 2355 2 75 48 77 5
D 70 2347 3 12 71 43 74 53 5
D 82 2357 2 33 32 31 5
D 83 2357 2 33 39 31 28
D 81 2359 2 82 49 83 5
D 80 2355 2 17 81 40 5
D 86 2349 2 21 20 19 5
D 87 2349 2 21 27 19 28
D 85 2351 2 86 22 87 5
D 88 2351 2 86 41 87 28
D 84 2355 2 85 48 88 5
D 79 2347 3 12 80 43 84 53 5
D 69 2291 3 7 70 54 79 66 5
D 89 2285 2 2 68 4 3
D 0 2287 3 1 6 67 69 89 5
