c ids of sdd nodes start at 0
c sdd nodes appear bottom-up, children before parents
c
c file syntax:
c sdd count-of-sdd-nodes
c F id-of-false-sdd-node
c T id-of-true-sdd-node
c L id-of-literal-sdd-node id-of-vtree literal
c D id-of-decomposition-sdd-node id-of-vtree number-of-elements {id-of-prime id-of-sub}*
c
sdd 90
L 2 3632 -69
L 3 3634 70
L 4 3632 69
F 5
D 1 3633 2 2 3 4 5
L 8 3636 -755
L 9 3638 756
L 10 3636 755
D 7 3637 2 8 9 10 5
L 13 3872 -71
L 14 3874 72
L 15 3872 71
D 12 3873 2 13 14 15 5
L 19 3876 -1077
L 20 3878 -1078
L 21 3876 1077
D 18 3877 2 19 20 21 5
L 23 3880 -1079
L 24 3882 -1080
L 25 3880 1079
D 22 3881 2 23 24 25 5
L 27 3878 1078
T 28
D 26 3877 2 19 27 21 28
D 17 3879 2 18 22 26 5
L 31 3884 -1081
L 32 3886 -1082
L 33 3884 1081
D 30 3885 2 31 32 33 5
L 35 3888 -1083
L 36 3890 1084
L 37 3888 1083
D 34 3889 2 35 36 37 5
L 39 3886 1082
D 38 3885 2 31 39 33 28
D 29 3887 2 30 34 38 5
L 42 3882 1080
D 41 3881 2 23 42 25 28
D 40 3879 2 18 41 26 28
D 16 3883 2 17 29 40 5
L 44 3874 -72
D 43 3873 2 15 44 13 5
L 48 3890 -1084
D 47 3889 2 37 48 35 5
D 46 3887 2 30 47 38 5
D 45 3883 2 17 46 40 5
D 49 3873 2 13 44 15 14
D 11 3875 3 12 16 43 45 49 5
L 51 3638 -756
D 50 3637 2 10 51 8 5
D 55 3885 2 31 39 33 5
D 56 3889 2 35 48 37 5
D 57 3885 2 31 32 33 28
D 54 3887 2 55 56 57 5
D 53 3883 2 17 54 40 5
D 60 3885 2 33 32 31 5
D 61 3885 2 33 39 31 28
D 59 3887 2 60 56 61 5
D 58 3883 2 17 59 40 5
D 52 3875 3 12 53 43 58 49 5
D 62 3637 2 8 51 10 9
D 6 3639 3 7 11 50 52 62 5
L 64 3634 -70
D 63 3633 2 4 64 2 5
D 69 3881 2 23 42 25 5
D 68 3879 2 18 69 26 5
D 70 3887 2 30 56 38 5
D 72 3881 2 23 24 25 28
D 71 3879 2 18 72 26 28
D 67 3883 2 68 70 71 5
D 75 3881 2 25 24 23 5
D 74 3879 2 18 75 26 5
D 77 3881 2 25 42 23 28
D 76 3879 2 18 77 26 28
D 73 3883 2 74 70 76 5
D 66 3875 3 12 67 43 73 49 5
D 81 3877 2 19 27 21 5
D 82 3877 2 19 20 21 28
D 80 3879 2 81 22 82 5
D 83 3879 2 81 41 82 28
D 79 3883 2 80 70 83 5
D 86 3877 2 21 20 19 5
D 87 3877 2 21 27 19 28
D 85 3879 2 86 22 87 5
D 88 3879 2 86 41 87 28
D 84 3883 2 85 70 88 5
D 78 3875 3 12 79 43 84 49 5
D 65 3639 3 7 66 50 78 62 5
D 89 3633 2 2 64 4 3
D 0 3635 3 1 6 63 65 89 5
