c ids of sdd nodes start at 0
c sdd nodes appear bottom-up, children before parents
c
c file syntax:
c sdd count-of-sdd-nodes
c F id-of-false-sdd-node
c T id-of-true-sdd-node
c L id-of-literal-sdd-node id-of-vtree literal
c D id-of-decomposition-sdd-node id-of-vtree number-of-elements {id-of-prime id-of-sub}*
c
sdd 90
L 2 2824 -727
L 3 2826 728
L 4 2824 727
F 5
D 1 2825 2 2 3 4 5
L 8 2828 -239
L 9 2830 240
L 10 2828 239
D 7 2829 2 8 9 10 5
L 13 2836 -493
L 14 2838 494
L 15 2836 493
D 12 2837 2 13 14 15 5
L 19 2856 -3551
L 20 2858 -3552
L 21 2856 3551
D 18 2857 2 19 20 21 5
L 23 2860 -3553
L 24 2862 -3554
L 25 2860 3553
D 22 2861 2 23 24 25 5
L 27 2858 3552
T 28
D 26 2857 2 19 27 21 28
D 17 2859 2 18 22 26 5
L 31 2864 -3555
L 32 2866 -3556
L 33 2864 3555
D 30 2865 2 31 32 33 5
L 35 2868 -3557
L 36 2870 3558
L 37 2868 3557
D 34 2869 2 35 36 37 5
L 39 2866 3556
D 38 2865 2 31 39 33 28
D 29 2867 2 30 34 38 5
L 42 2862 3554
D 41 2861 2 23 42 25 28
D 40 2859 2 18 41 26 28
D 16 2863 2 17 29 40 5
L 44 2838 -494
D 43 2837 2 15 44 13 5
D 47 2861 2 23 42 25 5
D 46 2859 2 18 47 26 5
L 50 2870 -3558
D 49 2869 2 35 50 37 5
D 48 2867 2 30 49 38 5
D 52 2861 2 23 24 25 28
D 51 2859 2 18 52 26 28
D 45 2863 2 46 48 51 5
D 53 2837 2 13 44 15 14
D 11 2839 3 12 16 43 45 53 5
L 55 2830 -240
D 54 2829 2 10 55 8 5
D 59 2865 2 31 39 33 5
D 60 2865 2 31 32 33 28
D 58 2867 2 59 49 60 5
D 57 2863 2 17 58 40 5
D 63 2857 2 19 27 21 5
D 64 2857 2 19 20 21 28
D 62 2859 2 63 22 64 5
D 65 2859 2 63 41 64 28
D 61 2863 2 62 48 65 5
D 56 2839 3 12 57 43 61 53 5
D 66 2829 2 8 55 10 9
D 6 2831 3 7 11 54 56 66 5
L 68 2826 -728
D 67 2825 2 4 68 2 5
D 73 2869 2 37 50 35 5
D 72 2867 2 30 73 38 5
D 71 2863 2 17 72 40 5
D 76 2861 2 25 24 23 5
D 75 2859 2 18 76 26 5
D 78 2861 2 25 42 23 28
D 77 2859 2 18 78 26 28
D 74 2863 2 75 48 77 5
D 70 2839 3 12 71 43 74 53 5
D 82 2865 2 33 32 31 5
D 83 2865 2 33 39 31 28
D 81 2867 2 82 49 83 5
D 80 2863 2 17 81 40 5
D 86 2857 2 21 20 19 5
D 87 2857 2 21 27 19 28
D 85 2859 2 86 22 87 5
D 88 2859 2 86 41 87 28
D 84 2863 2 85 48 88 5
D 79 2839 3 12 80 43 84 53 5
D 69 2831 3 7 70 54 79 66 5
D 89 2825 2 2 68 4 3
D 0 2827 3 1 6 67 69 89 5
