c ids of sdd nodes start at 0
c sdd nodes appear bottom-up, children before parents
c
c file syntax:
c sdd count-of-sdd-nodes
c F id-of-false-sdd-node
c T id-of-true-sdd-node
c L id-of-literal-sdd-node id-of-vtree literal
c D id-of-decomposition-sdd-node id-of-vtree number-of-elements {id-of-prime id-of-sub}*
c
sdd 90
L 2 2624 -731
L 3 2626 732
L 4 2624 731
F 5
D 1 2625 2 2 3 4 5
L 8 2628 -729
L 9 2630 730
L 10 2628 729
D 7 2629 2 8 9 10 5
L 13 2636 -373
L 14 2638 374
L 15 2636 373
D 12 2637 2 13 14 15 5
L 19 2656 -3567
L 20 2658 -3568
L 21 2656 3567
D 18 2657 2 19 20 21 5
L 23 2660 -3569
L 24 2662 -3570
L 25 2660 3569
D 22 2661 2 23 24 25 5
L 27 2658 3568
T 28
D 26 2657 2 19 27 21 28
D 17 2659 2 18 22 26 5
L 31 2664 -3571
L 32 2666 -3572
L 33 2664 3571
D 30 2665 2 31 32 33 5
L 35 2668 -3573
L 36 2670 3574
L 37 2668 3573
D 34 2669 2 35 36 37 5
L 39 2666 3572
D 38 2665 2 31 39 33 28
D 29 2667 2 30 34 38 5
L 42 2662 3570
D 41 2661 2 23 42 25 28
D 40 2659 2 18 41 26 28
D 16 2663 2 17 29 40 5
L 44 2638 -374
D 43 2637 2 15 44 13 5
D 47 2665 2 31 39 33 5
L 49 2670 -3574
D 48 2669 2 35 49 37 5
D 50 2665 2 31 32 33 28
D 46 2667 2 47 48 50 5
D 45 2663 2 17 46 40 5
D 51 2637 2 13 44 15 14
D 11 2639 3 12 16 43 45 51 5
L 53 2630 -730
D 52 2629 2 10 53 8 5
D 57 2661 2 23 42 25 5
D 56 2659 2 18 57 26 5
D 58 2667 2 30 48 38 5
D 60 2661 2 23 24 25 28
D 59 2659 2 18 60 26 28
D 55 2663 2 56 58 59 5
D 63 2657 2 19 27 21 5
D 64 2657 2 19 20 21 28
D 62 2659 2 63 22 64 5
D 65 2659 2 63 41 64 28
D 61 2663 2 62 58 65 5
D 54 2639 3 12 55 43 61 51 5
D 66 2629 2 8 53 10 9
D 6 2631 3 7 11 52 54 66 5
L 68 2626 -732
D 67 2625 2 4 68 2 5
D 73 2669 2 37 49 35 5
D 72 2667 2 30 73 38 5
D 71 2663 2 17 72 40 5
D 76 2665 2 33 32 31 5
D 77 2665 2 33 39 31 28
D 75 2667 2 76 48 77 5
D 74 2663 2 17 75 40 5
D 70 2639 3 12 71 43 74 51 5
D 81 2661 2 25 24 23 5
D 80 2659 2 18 81 26 5
D 83 2661 2 25 42 23 28
D 82 2659 2 18 83 26 28
D 79 2663 2 80 58 82 5
D 86 2657 2 21 20 19 5
D 87 2657 2 21 27 19 28
D 85 2659 2 86 22 87 5
D 88 2659 2 86 41 87 28
D 84 2663 2 85 58 88 5
D 78 2639 3 12 79 43 84 51 5
D 69 2631 3 7 70 52 78 66 5
D 89 2625 2 2 68 4 3
D 0 2627 3 1 6 67 69 89 5
