c ids of sdd nodes start at 0
c sdd nodes appear bottom-up, children before parents
c
c file syntax:
c sdd count-of-sdd-nodes
c F id-of-false-sdd-node
c T id-of-true-sdd-node
c L id-of-literal-sdd-node id-of-vtree literal
c D id-of-decomposition-sdd-node id-of-vtree number-of-elements {id-of-prime id-of-sub}*
c
sdd 90
L 2 16 -739
L 3 18 740
L 4 16 739
F 5
D 1 17 2 2 3 4 5
L 8 1708 -733
L 9 1710 734
L 10 1708 733
D 7 1709 2 8 9 10 5
L 13 1748 -371
L 14 1750 372
L 15 1748 371
D 12 1749 2 13 14 15 5
L 19 1784 -3575
L 20 1786 -3576
L 21 1784 3575
D 18 1785 2 19 20 21 5
L 23 1788 -3577
L 24 1790 -3578
L 25 1788 3577
D 22 1789 2 23 24 25 5
L 27 1786 3576
T 28
D 26 1785 2 19 27 21 28
D 17 1787 2 18 22 26 5
L 31 1792 -3579
L 32 1794 -3580
L 33 1792 3579
D 30 1793 2 31 32 33 5
L 35 1796 -3581
L 36 1798 3582
L 37 1796 3581
D 34 1797 2 35 36 37 5
L 39 1794 3580
D 38 1793 2 31 39 33 28
D 29 1795 2 30 34 38 5
L 42 1790 3578
D 41 1789 2 23 42 25 28
D 40 1787 2 18 41 26 28
D 16 1791 2 17 29 40 5
L 44 1750 -372
D 43 1749 2 15 44 13 5
D 47 1793 2 31 39 33 5
L 49 1798 -3582
D 48 1797 2 35 49 37 5
D 50 1793 2 31 32 33 28
D 46 1795 2 47 48 50 5
D 45 1791 2 17 46 40 5
D 51 1749 2 13 44 15 14
D 11 1751 3 12 16 43 45 51 5
L 53 1710 -734
D 52 1709 2 10 53 8 5
D 57 1797 2 37 49 35 5
D 56 1795 2 30 57 38 5
D 55 1791 2 17 56 40 5
D 60 1793 2 33 32 31 5
D 61 1793 2 33 39 31 28
D 59 1795 2 60 48 61 5
D 58 1791 2 17 59 40 5
D 54 1751 3 12 55 43 58 51 5
D 62 1709 2 8 53 10 9
D 6 1711 3 7 11 52 54 62 5
L 64 18 -740
D 63 17 2 4 64 2 5
D 69 1789 2 23 42 25 5
D 68 1787 2 18 69 26 5
D 70 1795 2 30 48 38 5
D 72 1789 2 23 24 25 28
D 71 1787 2 18 72 26 28
D 67 1791 2 68 70 71 5
D 75 1785 2 19 27 21 5
D 76 1785 2 19 20 21 28
D 74 1787 2 75 22 76 5
D 77 1787 2 75 41 76 28
D 73 1791 2 74 70 77 5
D 66 1751 3 12 67 43 73 51 5
D 81 1789 2 25 24 23 5
D 80 1787 2 18 81 26 5
D 83 1789 2 25 42 23 28
D 82 1787 2 18 83 26 28
D 79 1791 2 80 70 82 5
D 86 1785 2 21 20 19 5
D 87 1785 2 21 27 19 28
D 85 1787 2 86 22 87 5
D 88 1787 2 86 41 87 28
D 84 1791 2 85 70 88 5
D 78 1751 3 12 79 43 84 51 5
D 65 1711 3 7 66 52 78 62 5
D 89 17 2 2 64 4 3
D 0 19 3 1 6 63 65 89 5
