c ids of sdd nodes start at 0
c sdd nodes appear bottom-up, children before parents
c
c file syntax:
c sdd count-of-sdd-nodes
c F id-of-false-sdd-node
c T id-of-true-sdd-node
c L id-of-literal-sdd-node id-of-vtree literal
c D id-of-decomposition-sdd-node id-of-vtree number-of-elements {id-of-prime id-of-sub}*
c
sdd 90
L 2 3392 -737
L 3 3394 738
L 4 3392 737
F 5
D 1 3393 2 2 3 4 5
L 8 3412 -379
L 9 3414 380
L 10 3412 379
D 7 3413 2 8 9 10 5
L 13 3416 -367
L 14 3418 368
L 15 3416 367
D 12 3417 2 13 14 15 5
L 19 3452 -3591
L 20 3454 -3592
L 21 3452 3591
D 18 3453 2 19 20 21 5
L 23 3456 -3593
L 24 3458 -3594
L 25 3456 3593
D 22 3457 2 23 24 25 5
L 27 3454 3592
T 28
D 26 3453 2 19 27 21 28
D 17 3455 2 18 22 26 5
L 31 3460 -3595
L 32 3462 -3596
L 33 3460 3595
D 30 3461 2 31 32 33 5
L 35 3464 -3597
L 36 3466 3598
L 37 3464 3597
D 34 3465 2 35 36 37 5
L 39 3462 3596
D 38 3461 2 31 39 33 28
D 29 3463 2 30 34 38 5
L 42 3458 3594
D 41 3457 2 23 42 25 28
D 40 3455 2 18 41 26 28
D 16 3459 2 17 29 40 5
L 44 3418 -368
D 43 3417 2 15 44 13 5
D 47 3461 2 31 39 33 5
L 49 3466 -3598
D 48 3465 2 35 49 37 5
D 50 3461 2 31 32 33 28
D 46 3463 2 47 48 50 5
D 45 3459 2 17 46 40 5
D 51 3417 2 13 44 15 14
D 11 3419 3 12 16 43 45 51 5
L 53 3414 -380
D 52 3413 2 10 53 8 5
D 57 3457 2 23 42 25 5
D 56 3455 2 18 57 26 5
D 58 3463 2 30 48 38 5
D 60 3457 2 23 24 25 28
D 59 3455 2 18 60 26 28
D 55 3459 2 56 58 59 5
D 63 3453 2 19 27 21 5
D 64 3453 2 19 20 21 28
D 62 3455 2 63 22 64 5
D 65 3455 2 63 41 64 28
D 61 3459 2 62 58 65 5
D 54 3419 3 12 55 43 61 51 5
D 66 3413 2 8 53 10 9
D 6 3415 3 7 11 52 54 66 5
L 68 3394 -738
D 67 3393 2 4 68 2 5
D 73 3465 2 37 49 35 5
D 72 3463 2 30 73 38 5
D 71 3459 2 17 72 40 5
D 76 3461 2 33 32 31 5
D 77 3461 2 33 39 31 28
D 75 3463 2 76 48 77 5
D 74 3459 2 17 75 40 5
D 70 3419 3 12 71 43 74 51 5
D 81 3457 2 25 24 23 5
D 80 3455 2 18 81 26 5
D 83 3457 2 25 42 23 28
D 82 3455 2 18 83 26 28
D 79 3459 2 80 58 82 5
D 86 3453 2 21 20 19 5
D 87 3453 2 21 27 19 28
D 85 3455 2 86 22 87 5
D 88 3455 2 86 41 87 28
D 84 3459 2 85 58 88 5
D 78 3419 3 12 79 43 84 51 5
D 69 3415 3 7 70 52 78 66 5
D 89 3393 2 2 68 4 3
D 0 3395 3 1 6 67 69 89 5
