c ids of sdd nodes start at 0
c sdd nodes appear bottom-up, children before parents
c
c file syntax:
c sdd count-of-sdd-nodes
c F id-of-false-sdd-node
c T id-of-true-sdd-node
c L id-of-literal-sdd-node id-of-vtree literal
c D id-of-decomposition-sdd-node id-of-vtree number-of-elements {id-of-prime id-of-sub}*
c
sdd 90
L 2 16 -739
L 3 18 740
L 4 16 739
F 5
D 1 17 2 2 3 4 5
L 8 44 -365
L 9 46 366
L 10 44 365
D 7 45 2 8 9 10 5
L 13 3392 -737
L 14 3394 738
L 15 3392 737
D 12 3393 2 13 14 15 5
L 19 3396 -3599
L 20 3398 -3600
L 21 3396 3599
D 18 3397 2 19 20 21 5
L 23 3400 -3601
L 24 3402 -3602
L 25 3400 3601
D 22 3401 2 23 24 25 5
L 27 3398 3600
T 28
D 26 3397 2 19 27 21 28
D 17 3399 2 18 22 26 5
L 31 3404 -3603
L 32 3406 -3604
L 33 3404 3603
D 30 3405 2 31 32 33 5
L 35 3408 -3605
L 36 3410 3606
L 37 3408 3605
D 34 3409 2 35 36 37 5
L 39 3406 3604
D 38 3405 2 31 39 33 28
D 29 3407 2 30 34 38 5
L 42 3402 3602
D 41 3401 2 23 42 25 28
D 40 3399 2 18 41 26 28
D 16 3403 2 17 29 40 5
L 44 3394 -738
D 43 3393 2 15 44 13 5
D 47 3401 2 23 42 25 5
D 46 3399 2 18 47 26 5
L 50 3410 -3606
D 49 3409 2 35 50 37 5
D 48 3407 2 30 49 38 5
D 52 3401 2 23 24 25 28
D 51 3399 2 18 52 26 28
D 45 3403 2 46 48 51 5
D 53 3393 2 13 44 15 14
D 11 3395 3 12 16 43 45 53 5
L 55 46 -366
D 54 45 2 10 55 8 5
D 59 3405 2 31 39 33 5
D 60 3405 2 31 32 33 28
D 58 3407 2 59 49 60 5
D 57 3403 2 17 58 40 5
D 63 3397 2 19 27 21 5
D 64 3397 2 19 20 21 28
D 62 3399 2 63 22 64 5
D 65 3399 2 63 41 64 28
D 61 3403 2 62 48 65 5
D 56 3395 3 12 57 43 61 53 5
D 66 45 2 8 55 10 9
D 6 47 3 7 11 54 56 66 5
L 68 18 -740
D 67 17 2 4 68 2 5
D 73 3409 2 37 50 35 5
D 72 3407 2 30 73 38 5
D 71 3403 2 17 72 40 5
D 76 3401 2 25 24 23 5
D 75 3399 2 18 76 26 5
D 78 3401 2 25 42 23 28
D 77 3399 2 18 78 26 28
D 74 3403 2 75 48 77 5
D 70 3395 3 12 71 43 74 53 5
D 82 3405 2 33 32 31 5
D 83 3405 2 33 39 31 28
D 81 3407 2 82 49 83 5
D 80 3403 2 17 81 40 5
D 86 3397 2 21 20 19 5
D 87 3397 2 21 27 19 28
D 85 3399 2 86 22 87 5
D 88 3399 2 86 41 87 28
D 84 3403 2 85 48 88 5
D 79 3395 3 12 80 43 84 53 5
D 69 47 3 7 70 54 79 66 5
D 89 17 2 2 68 4 3
D 0 19 3 1 6 67 69 89 5
