c ids of sdd nodes start at 0
c sdd nodes appear bottom-up, children before parents
c
c file syntax:
c sdd count-of-sdd-nodes
c F id-of-false-sdd-node
c T id-of-true-sdd-node
c L id-of-literal-sdd-node id-of-vtree literal
c D id-of-decomposition-sdd-node id-of-vtree number-of-elements {id-of-prime id-of-sub}*
c
sdd 90
L 2 1944 -741
L 3 1946 742
L 4 1944 741
F 5
D 1 1945 2 2 3 4 5
L 8 1948 -363
L 9 1950 364
L 10 1948 363
D 7 1949 2 8 9 10 5
L 13 2028 -747
L 14 2030 748
L 15 2028 747
D 12 2029 2 13 14 15 5
L 19 2048 -3607
L 20 2050 -3608
L 21 2048 3607
D 18 2049 2 19 20 21 5
L 23 2052 -3609
L 24 2054 -3610
L 25 2052 3609
D 22 2053 2 23 24 25 5
L 27 2050 3608
T 28
D 26 2049 2 19 27 21 28
D 17 2051 2 18 22 26 5
L 31 2056 -3611
L 32 2058 -3612
L 33 2056 3611
D 30 2057 2 31 32 33 5
L 35 2060 -3613
L 36 2062 3614
L 37 2060 3613
D 34 2061 2 35 36 37 5
L 39 2058 3612
D 38 2057 2 31 39 33 28
D 29 2059 2 30 34 38 5
L 42 2054 3610
D 41 2053 2 23 42 25 28
D 40 2051 2 18 41 26 28
D 16 2055 2 17 29 40 5
L 44 2030 -748
D 43 2029 2 15 44 13 5
D 47 2053 2 23 42 25 5
D 46 2051 2 18 47 26 5
L 50 2062 -3614
D 49 2061 2 35 50 37 5
D 48 2059 2 30 49 38 5
D 52 2053 2 23 24 25 28
D 51 2051 2 18 52 26 28
D 45 2055 2 46 48 51 5
D 53 2029 2 13 44 15 14
D 11 2031 3 12 16 43 45 53 5
L 55 1950 -364
D 54 1949 2 10 55 8 5
D 59 2057 2 31 39 33 5
D 60 2057 2 31 32 33 28
D 58 2059 2 59 49 60 5
D 57 2055 2 17 58 40 5
D 63 2049 2 19 27 21 5
D 64 2049 2 19 20 21 28
D 62 2051 2 63 22 64 5
D 65 2051 2 63 41 64 28
D 61 2055 2 62 48 65 5
D 56 2031 3 12 57 43 61 53 5
D 66 1949 2 8 55 10 9
D 6 1951 3 7 11 54 56 66 5
L 68 1946 -742
D 67 1945 2 4 68 2 5
D 73 2061 2 37 50 35 5
D 72 2059 2 30 73 38 5
D 71 2055 2 17 72 40 5
D 76 2053 2 25 24 23 5
D 75 2051 2 18 76 26 5
D 78 2053 2 25 42 23 28
D 77 2051 2 18 78 26 28
D 74 2055 2 75 48 77 5
D 70 2031 3 12 71 43 74 53 5
D 82 2057 2 33 32 31 5
D 83 2057 2 33 39 31 28
D 81 2059 2 82 49 83 5
D 80 2055 2 17 81 40 5
D 86 2049 2 21 20 19 5
D 87 2049 2 21 27 19 28
D 85 2051 2 86 22 87 5
D 88 2051 2 86 41 87 28
D 84 2055 2 85 48 88 5
D 79 2031 3 12 80 43 84 53 5
D 69 1951 3 7 70 54 79 66 5
D 89 1945 2 2 68 4 3
D 0 1947 3 1 6 67 69 89 5
