c ids of sdd nodes start at 0
c sdd nodes appear bottom-up, children before parents
c
c file syntax:
c sdd count-of-sdd-nodes
c F id-of-false-sdd-node
c T id-of-true-sdd-node
c L id-of-literal-sdd-node id-of-vtree literal
c D id-of-decomposition-sdd-node id-of-vtree number-of-elements {id-of-prime id-of-sub}*
c
sdd 90
L 2 1676 -359
L 3 1678 360
L 4 1676 359
F 5
D 1 1677 2 2 3 4 5
L 8 1680 -745
L 9 1682 746
L 10 1680 745
D 7 1681 2 8 9 10 5
L 13 1688 -735
L 14 1690 736
L 15 1688 735
D 12 1689 2 13 14 15 5
L 19 1692 -3623
L 20 1694 -3624
L 21 1692 3623
D 18 1693 2 19 20 21 5
L 23 1696 -3625
L 24 1698 -3626
L 25 1696 3625
D 22 1697 2 23 24 25 5
L 27 1694 3624
T 28
D 26 1693 2 19 27 21 28
D 17 1695 2 18 22 26 5
L 31 1700 -3627
L 32 1702 -3628
L 33 1700 3627
D 30 1701 2 31 32 33 5
L 35 1704 -3629
L 36 1706 3630
L 37 1704 3629
D 34 1705 2 35 36 37 5
L 39 1702 3628
D 38 1701 2 31 39 33 28
D 29 1703 2 30 34 38 5
L 42 1698 3626
D 41 1697 2 23 42 25 28
D 40 1695 2 18 41 26 28
D 16 1699 2 17 29 40 5
L 44 1690 -736
D 43 1689 2 15 44 13 5
D 47 1697 2 23 42 25 5
D 46 1695 2 18 47 26 5
L 50 1706 -3630
D 49 1705 2 35 50 37 5
D 48 1703 2 30 49 38 5
D 52 1697 2 23 24 25 28
D 51 1695 2 18 52 26 28
D 45 1699 2 46 48 51 5
D 53 1689 2 13 44 15 14
D 11 1691 3 12 16 43 45 53 5
L 55 1682 -746
D 54 1681 2 10 55 8 5
D 59 1705 2 37 50 35 5
D 58 1703 2 30 59 38 5
D 57 1699 2 17 58 40 5
D 62 1697 2 25 24 23 5
D 61 1695 2 18 62 26 5
D 64 1697 2 25 42 23 28
D 63 1695 2 18 64 26 28
D 60 1699 2 61 48 63 5
D 56 1691 3 12 57 43 60 53 5
D 65 1681 2 8 55 10 9
D 6 1683 3 7 11 54 56 65 5
L 67 1678 -360
D 66 1677 2 4 67 2 5
D 72 1701 2 31 39 33 5
D 73 1701 2 31 32 33 28
D 71 1703 2 72 49 73 5
D 70 1699 2 17 71 40 5
D 76 1693 2 19 27 21 5
D 77 1693 2 19 20 21 28
D 75 1695 2 76 22 77 5
D 78 1695 2 76 41 77 28
D 74 1699 2 75 48 78 5
D 69 1691 3 12 70 43 74 53 5
D 82 1701 2 33 32 31 5
D 83 1701 2 33 39 31 28
D 81 1703 2 82 49 83 5
D 80 1699 2 17 81 40 5
D 86 1693 2 21 20 19 5
D 87 1693 2 21 27 19 28
D 85 1695 2 86 22 87 5
D 88 1695 2 86 41 87 28
D 84 1699 2 85 48 88 5
D 79 1691 3 12 80 43 84 53 5
D 68 1683 3 7 69 54 79 65 5
D 89 1677 2 2 67 4 3
D 0 1679 3 1 6 66 68 89 5
