c ids of sdd nodes start at 0
c sdd nodes appear bottom-up, children before parents
c
c file syntax:
c sdd count-of-sdd-nodes
c F id-of-false-sdd-node
c T id-of-true-sdd-node
c L id-of-literal-sdd-node id-of-vtree literal
c D id-of-decomposition-sdd-node id-of-vtree number-of-elements {id-of-prime id-of-sub}*
c
sdd 90
L 2 1680 -745
L 3 1682 746
L 4 1680 745
F 5
D 1 1681 2 2 3 4 5
L 8 1956 -357
L 9 1958 358
L 10 1956 357
D 7 1957 2 8 9 10 5
L 13 2028 -747
L 14 2030 748
L 15 2028 747
D 12 2029 2 13 14 15 5
L 19 2064 -3631
L 20 2066 -3632
L 21 2064 3631
D 18 2065 2 19 20 21 5
L 23 2068 -3633
L 24 2070 -3634
L 25 2068 3633
D 22 2069 2 23 24 25 5
L 27 2066 3632
T 28
D 26 2065 2 19 27 21 28
D 17 2067 2 18 22 26 5
L 31 2072 -3635
L 32 2074 -3636
L 33 2072 3635
D 30 2073 2 31 32 33 5
L 35 2076 -3637
L 36 2078 3638
L 37 2076 3637
D 34 2077 2 35 36 37 5
L 39 2074 3636
D 38 2073 2 31 39 33 28
D 29 2075 2 30 34 38 5
L 42 2070 3634
D 41 2069 2 23 42 25 28
D 40 2067 2 18 41 26 28
D 16 2071 2 17 29 40 5
L 44 2030 -748
D 43 2029 2 15 44 13 5
L 48 2078 -3638
D 47 2077 2 37 48 35 5
D 46 2075 2 30 47 38 5
D 45 2071 2 17 46 40 5
D 49 2029 2 13 44 15 14
D 11 2031 3 12 16 43 45 49 5
L 51 1958 -358
D 50 1957 2 10 51 8 5
D 55 2073 2 31 39 33 5
D 56 2077 2 35 48 37 5
D 57 2073 2 31 32 33 28
D 54 2075 2 55 56 57 5
D 53 2071 2 17 54 40 5
D 60 2073 2 33 32 31 5
D 61 2073 2 33 39 31 28
D 59 2075 2 60 56 61 5
D 58 2071 2 17 59 40 5
D 52 2031 3 12 53 43 58 49 5
D 62 1957 2 8 51 10 9
D 6 1959 3 7 11 50 52 62 5
L 64 1682 -746
D 63 1681 2 4 64 2 5
D 69 2069 2 23 42 25 5
D 68 2067 2 18 69 26 5
D 70 2075 2 30 56 38 5
D 72 2069 2 23 24 25 28
D 71 2067 2 18 72 26 28
D 67 2071 2 68 70 71 5
D 75 2069 2 25 24 23 5
D 74 2067 2 18 75 26 5
D 77 2069 2 25 42 23 28
D 76 2067 2 18 77 26 28
D 73 2071 2 74 70 76 5
D 66 2031 3 12 67 43 73 49 5
D 81 2065 2 19 27 21 5
D 82 2065 2 19 20 21 28
D 80 2067 2 81 22 82 5
D 83 2067 2 81 41 82 28
D 79 2071 2 80 70 83 5
D 86 2065 2 21 20 19 5
D 87 2065 2 21 27 19 28
D 85 2067 2 86 22 87 5
D 88 2067 2 86 41 87 28
D 84 2071 2 85 70 88 5
D 78 2031 3 12 79 43 84 49 5
D 65 1959 3 7 66 50 78 62 5
D 89 1681 2 2 64 4 3
D 0 1683 3 1 6 63 65 89 5
