c ids of sdd nodes start at 0
c sdd nodes appear bottom-up, children before parents
c
c file syntax:
c sdd count-of-sdd-nodes
c F id-of-false-sdd-node
c T id-of-true-sdd-node
c L id-of-literal-sdd-node id-of-vtree literal
c D id-of-decomposition-sdd-node id-of-vtree number-of-elements {id-of-prime id-of-sub}*
c
sdd 90
L 2 3640 -609
L 3 3642 610
L 4 3640 609
F 5
D 1 3641 2 2 3 4 5
L 8 3644 -749
L 9 3646 750
L 10 3644 749
D 7 3645 2 8 9 10 5
L 13 3796 -759
L 14 3798 760
L 15 3796 759
D 12 3797 2 13 14 15 5
L 19 3800 -3639
L 20 3802 -3640
L 21 3800 3639
D 18 3801 2 19 20 21 5
L 23 3804 -3641
L 24 3806 -3642
L 25 3804 3641
D 22 3805 2 23 24 25 5
L 27 3802 3640
T 28
D 26 3801 2 19 27 21 28
D 17 3803 2 18 22 26 5
L 31 3808 -3643
L 32 3810 -3644
L 33 3808 3643
D 30 3809 2 31 32 33 5
L 35 3812 -3645
L 36 3814 3646
L 37 3812 3645
D 34 3813 2 35 36 37 5
L 39 3810 3644
D 38 3809 2 31 39 33 28
D 29 3811 2 30 34 38 5
L 42 3806 3642
D 41 3805 2 23 42 25 28
D 40 3803 2 18 41 26 28
D 16 3807 2 17 29 40 5
L 44 3798 -760
D 43 3797 2 15 44 13 5
D 47 3805 2 23 42 25 5
D 46 3803 2 18 47 26 5
L 50 3814 -3646
D 49 3813 2 35 50 37 5
D 48 3811 2 30 49 38 5
D 52 3805 2 23 24 25 28
D 51 3803 2 18 52 26 28
D 45 3807 2 46 48 51 5
D 53 3797 2 13 44 15 14
D 11 3799 3 12 16 43 45 53 5
L 55 3646 -750
D 54 3645 2 10 55 8 5
D 59 3813 2 37 50 35 5
D 58 3811 2 30 59 38 5
D 57 3807 2 17 58 40 5
D 62 3805 2 25 24 23 5
D 61 3803 2 18 62 26 5
D 64 3805 2 25 42 23 28
D 63 3803 2 18 64 26 28
D 60 3807 2 61 48 63 5
D 56 3799 3 12 57 43 60 53 5
D 65 3645 2 8 55 10 9
D 6 3647 3 7 11 54 56 65 5
L 67 3642 -610
D 66 3641 2 4 67 2 5
D 72 3809 2 31 39 33 5
D 73 3809 2 31 32 33 28
D 71 3811 2 72 49 73 5
D 70 3807 2 17 71 40 5
D 76 3801 2 19 27 21 5
D 77 3801 2 19 20 21 28
D 75 3803 2 76 22 77 5
D 78 3803 2 76 41 77 28
D 74 3807 2 75 48 78 5
D 69 3799 3 12 70 43 74 53 5
D 82 3809 2 33 32 31 5
D 83 3809 2 33 39 31 28
D 81 3811 2 82 49 83 5
D 80 3807 2 17 81 40 5
D 86 3801 2 21 20 19 5
D 87 3801 2 21 27 19 28
D 85 3803 2 86 22 87 5
D 88 3803 2 86 41 87 28
D 84 3807 2 85 48 88 5
D 79 3799 3 12 80 43 84 53 5
D 68 3647 3 7 69 54 79 65 5
D 89 3641 2 2 67 4 3
D 0 3643 3 1 6 66 68 89 5
