c ids of sdd nodes start at 0
c sdd nodes appear bottom-up, children before parents
c
c file syntax:
c sdd count-of-sdd-nodes
c F id-of-false-sdd-node
c T id-of-true-sdd-node
c L id-of-literal-sdd-node id-of-vtree literal
c D id-of-decomposition-sdd-node id-of-vtree number-of-elements {id-of-prime id-of-sub}*
c
sdd 90
L 2 12 -751
L 3 14 752
L 4 12 751
F 5
D 1 13 2 2 3 4 5
L 8 3644 -749
L 9 3646 750
L 10 3644 749
D 7 3645 2 8 9 10 5
L 13 3648 -607
L 14 3650 608
L 15 3648 607
D 12 3649 2 13 14 15 5
L 19 3684 -3647
L 20 3686 -3648
L 21 3684 3647
D 18 3685 2 19 20 21 5
L 23 3688 -3649
L 24 3690 -3650
L 25 3688 3649
D 22 3689 2 23 24 25 5
L 27 3686 3648
T 28
D 26 3685 2 19 27 21 28
D 17 3687 2 18 22 26 5
L 31 3692 -3651
L 32 3694 -3652
L 33 3692 3651
D 30 3693 2 31 32 33 5
L 35 3696 -3653
L 36 3698 3654
L 37 3696 3653
D 34 3697 2 35 36 37 5
L 39 3694 3652
D 38 3693 2 31 39 33 28
D 29 3695 2 30 34 38 5
L 42 3690 3650
D 41 3689 2 23 42 25 28
D 40 3687 2 18 41 26 28
D 16 3691 2 17 29 40 5
L 44 3650 -608
D 43 3649 2 15 44 13 5
D 47 3693 2 31 39 33 5
L 49 3698 -3654
D 48 3697 2 35 49 37 5
D 50 3693 2 31 32 33 28
D 46 3695 2 47 48 50 5
D 45 3691 2 17 46 40 5
D 51 3649 2 13 44 15 14
D 11 3651 3 12 16 43 45 51 5
L 53 3646 -750
D 52 3645 2 10 53 8 5
D 57 3689 2 23 42 25 5
D 56 3687 2 18 57 26 5
D 58 3695 2 30 48 38 5
D 60 3689 2 23 24 25 28
D 59 3687 2 18 60 26 28
D 55 3691 2 56 58 59 5
D 63 3685 2 19 27 21 5
D 64 3685 2 19 20 21 28
D 62 3687 2 63 22 64 5
D 65 3687 2 63 41 64 28
D 61 3691 2 62 58 65 5
D 54 3651 3 12 55 43 61 51 5
D 66 3645 2 8 53 10 9
D 6 3647 3 7 11 52 54 66 5
L 68 14 -752
D 67 13 2 4 68 2 5
D 73 3697 2 37 49 35 5
D 72 3695 2 30 73 38 5
D 71 3691 2 17 72 40 5
D 76 3693 2 33 32 31 5
D 77 3693 2 33 39 31 28
D 75 3695 2 76 48 77 5
D 74 3691 2 17 75 40 5
D 70 3651 3 12 71 43 74 51 5
D 81 3689 2 25 24 23 5
D 80 3687 2 18 81 26 5
D 83 3689 2 25 42 23 28
D 82 3687 2 18 83 26 28
D 79 3691 2 80 58 82 5
D 86 3685 2 21 20 19 5
D 87 3685 2 21 27 19 28
D 85 3687 2 86 22 87 5
D 88 3687 2 86 41 87 28
D 84 3691 2 85 58 88 5
D 78 3651 3 12 79 43 84 51 5
D 69 3647 3 7 70 52 78 66 5
D 89 13 2 2 68 4 3
D 0 15 3 1 6 67 69 89 5
