c ids of sdd nodes start at 0
c sdd nodes appear bottom-up, children before parents
c
c file syntax:
c sdd count-of-sdd-nodes
c F id-of-false-sdd-node
c T id-of-true-sdd-node
c L id-of-literal-sdd-node id-of-vtree literal
c D id-of-decomposition-sdd-node id-of-vtree number-of-elements {id-of-prime id-of-sub}*
c
sdd 90
L 2 3908 -595
L 3 3910 596
L 4 3908 595
F 5
D 1 3909 2 2 3 4 5
L 8 3968 -753
L 9 3970 754
L 10 3968 753
D 7 3969 2 8 9 10 5
L 13 4080 -765
L 14 4082 766
L 15 4080 765
D 12 4081 2 13 14 15 5
L 19 4084 -3655
L 20 4086 -3656
L 21 4084 3655
D 18 4085 2 19 20 21 5
L 23 4088 -3657
L 24 4090 -3658
L 25 4088 3657
D 22 4089 2 23 24 25 5
L 27 4086 3656
T 28
D 26 4085 2 19 27 21 28
D 17 4087 2 18 22 26 5
L 31 4092 -3659
L 32 4094 -3660
L 33 4092 3659
D 30 4093 2 31 32 33 5
L 35 4096 -3661
L 36 4098 3662
L 37 4096 3661
D 34 4097 2 35 36 37 5
L 39 4094 3660
D 38 4093 2 31 39 33 28
D 29 4095 2 30 34 38 5
L 42 4090 3658
D 41 4089 2 23 42 25 28
D 40 4087 2 18 41 26 28
D 16 4091 2 17 29 40 5
L 44 4082 -766
D 43 4081 2 15 44 13 5
D 47 4089 2 23 42 25 5
D 46 4087 2 18 47 26 5
L 50 4098 -3662
D 49 4097 2 35 50 37 5
D 48 4095 2 30 49 38 5
D 52 4089 2 23 24 25 28
D 51 4087 2 18 52 26 28
D 45 4091 2 46 48 51 5
D 53 4081 2 13 44 15 14
D 11 4083 3 12 16 43 45 53 5
L 55 3970 -754
D 54 3969 2 10 55 8 5
D 59 4097 2 37 50 35 5
D 58 4095 2 30 59 38 5
D 57 4091 2 17 58 40 5
D 62 4089 2 25 24 23 5
D 61 4087 2 18 62 26 5
D 64 4089 2 25 42 23 28
D 63 4087 2 18 64 26 28
D 60 4091 2 61 48 63 5
D 56 4083 3 12 57 43 60 53 5
D 65 3969 2 8 55 10 9
D 6 3971 3 7 11 54 56 65 5
L 67 3910 -596
D 66 3909 2 4 67 2 5
D 72 4093 2 31 39 33 5
D 73 4093 2 31 32 33 28
D 71 4095 2 72 49 73 5
D 70 4091 2 17 71 40 5
D 76 4085 2 19 27 21 5
D 77 4085 2 19 20 21 28
D 75 4087 2 76 22 77 5
D 78 4087 2 76 41 77 28
D 74 4091 2 75 48 78 5
D 69 4083 3 12 70 43 74 53 5
D 82 4093 2 33 32 31 5
D 83 4093 2 33 39 31 28
D 81 4095 2 82 49 83 5
D 80 4091 2 17 81 40 5
D 86 4085 2 21 20 19 5
D 87 4085 2 21 27 19 28
D 85 4087 2 86 22 87 5
D 88 4087 2 86 41 87 28
D 84 4091 2 85 48 88 5
D 79 4083 3 12 80 43 84 53 5
D 68 3971 3 7 69 54 79 65 5
D 89 3909 2 2 67 4 3
D 0 3911 3 1 6 66 68 89 5
