c ids of sdd nodes start at 0
c sdd nodes appear bottom-up, children before parents
c
c file syntax:
c sdd count-of-sdd-nodes
c F id-of-false-sdd-node
c T id-of-true-sdd-node
c L id-of-literal-sdd-node id-of-vtree literal
c D id-of-decomposition-sdd-node id-of-vtree number-of-elements {id-of-prime id-of-sub}*
c
sdd 90
L 2 3628 -593
L 3 3630 594
L 4 3628 593
F 5
D 1 3629 2 2 3 4 5
L 8 3636 -755
L 9 3638 756
L 10 3636 755
D 7 3637 2 8 9 10 5
L 13 3968 -753
L 14 3970 754
L 15 3968 753
D 12 3969 2 13 14 15 5
L 19 3972 -3663
L 20 3974 -3664
L 21 3972 3663
D 18 3973 2 19 20 21 5
L 23 3976 -3665
L 24 3978 -3666
L 25 3976 3665
D 22 3977 2 23 24 25 5
L 27 3974 3664
T 28
D 26 3973 2 19 27 21 28
D 17 3975 2 18 22 26 5
L 31 3980 -3667
L 32 3982 -3668
L 33 3980 3667
D 30 3981 2 31 32 33 5
L 35 3984 -3669
L 36 3986 3670
L 37 3984 3669
D 34 3985 2 35 36 37 5
L 39 3982 3668
D 38 3981 2 31 39 33 28
D 29 3983 2 30 34 38 5
L 42 3978 3666
D 41 3977 2 23 42 25 28
D 40 3975 2 18 41 26 28
D 16 3979 2 17 29 40 5
L 44 3970 -754
D 43 3969 2 15 44 13 5
D 47 3977 2 23 42 25 5
D 46 3975 2 18 47 26 5
L 50 3986 -3670
D 49 3985 2 35 50 37 5
D 48 3983 2 30 49 38 5
D 52 3977 2 23 24 25 28
D 51 3975 2 18 52 26 28
D 45 3979 2 46 48 51 5
D 53 3969 2 13 44 15 14
D 11 3971 3 12 16 43 45 53 5
L 55 3638 -756
D 54 3637 2 10 55 8 5
D 59 3985 2 37 50 35 5
D 58 3983 2 30 59 38 5
D 57 3979 2 17 58 40 5
D 62 3977 2 25 24 23 5
D 61 3975 2 18 62 26 5
D 64 3977 2 25 42 23 28
D 63 3975 2 18 64 26 28
D 60 3979 2 61 48 63 5
D 56 3971 3 12 57 43 60 53 5
D 65 3637 2 8 55 10 9
D 6 3639 3 7 11 54 56 65 5
L 67 3630 -594
D 66 3629 2 4 67 2 5
D 72 3981 2 31 39 33 5
D 73 3981 2 31 32 33 28
D 71 3983 2 72 49 73 5
D 70 3979 2 17 71 40 5
D 76 3973 2 19 27 21 5
D 77 3973 2 19 20 21 28
D 75 3975 2 76 22 77 5
D 78 3975 2 76 41 77 28
D 74 3979 2 75 48 78 5
D 69 3971 3 12 70 43 74 53 5
D 82 3981 2 33 32 31 5
D 83 3981 2 33 39 31 28
D 81 3983 2 82 49 83 5
D 80 3979 2 17 81 40 5
D 86 3973 2 21 20 19 5
D 87 3973 2 21 27 19 28
D 85 3975 2 86 22 87 5
D 88 3975 2 86 41 87 28
D 84 3979 2 85 48 88 5
D 79 3971 3 12 80 43 84 53 5
D 68 3639 3 7 69 54 79 65 5
D 89 3629 2 2 67 4 3
D 0 3631 3 1 6 66 68 89 5
