c ids of sdd nodes start at 0
c sdd nodes appear bottom-up, children before parents
c
c file syntax:
c sdd count-of-sdd-nodes
c F id-of-false-sdd-node
c T id-of-true-sdd-node
c L id-of-literal-sdd-node id-of-vtree literal
c D id-of-decomposition-sdd-node id-of-vtree number-of-elements {id-of-prime id-of-sub}*
c
sdd 90
L 2 3720 -597
L 3 3722 598
L 4 3720 597
F 5
D 1 3721 2 2 3 4 5
L 8 3796 -759
L 9 3798 760
L 10 3796 759
D 7 3797 2 8 9 10 5
L 13 3816 -757
L 14 3818 758
L 15 3816 757
D 12 3817 2 13 14 15 5
L 19 3836 -3679
L 20 3838 -3680
L 21 3836 3679
D 18 3837 2 19 20 21 5
L 23 3840 -3681
L 24 3842 -3682
L 25 3840 3681
D 22 3841 2 23 24 25 5
L 27 3838 3680
T 28
D 26 3837 2 19 27 21 28
D 17 3839 2 18 22 26 5
L 31 3844 -3683
L 32 3846 -3684
L 33 3844 3683
D 30 3845 2 31 32 33 5
L 35 3848 -3685
L 36 3850 3686
L 37 3848 3685
D 34 3849 2 35 36 37 5
L 39 3846 3684
D 38 3845 2 31 39 33 28
D 29 3847 2 30 34 38 5
L 42 3842 3682
D 41 3841 2 23 42 25 28
D 40 3839 2 18 41 26 28
D 16 3843 2 17 29 40 5
L 44 3818 -758
D 43 3817 2 15 44 13 5
D 47 3841 2 23 42 25 5
D 46 3839 2 18 47 26 5
L 50 3850 -3686
D 49 3849 2 35 50 37 5
D 48 3847 2 30 49 38 5
D 52 3841 2 23 24 25 28
D 51 3839 2 18 52 26 28
D 45 3843 2 46 48 51 5
D 53 3817 2 13 44 15 14
D 11 3819 3 12 16 43 45 53 5
L 55 3798 -760
D 54 3797 2 10 55 8 5
D 59 3849 2 37 50 35 5
D 58 3847 2 30 59 38 5
D 57 3843 2 17 58 40 5
D 62 3841 2 25 24 23 5
D 61 3839 2 18 62 26 5
D 64 3841 2 25 42 23 28
D 63 3839 2 18 64 26 28
D 60 3843 2 61 48 63 5
D 56 3819 3 12 57 43 60 53 5
D 65 3797 2 8 55 10 9
D 6 3799 3 7 11 54 56 65 5
L 67 3722 -598
D 66 3721 2 4 67 2 5
D 72 3845 2 31 39 33 5
D 73 3845 2 31 32 33 28
D 71 3847 2 72 49 73 5
D 70 3843 2 17 71 40 5
D 76 3837 2 19 27 21 5
D 77 3837 2 19 20 21 28
D 75 3839 2 76 22 77 5
D 78 3839 2 76 41 77 28
D 74 3843 2 75 48 78 5
D 69 3819 3 12 70 43 74 53 5
D 82 3845 2 33 32 31 5
D 83 3845 2 33 39 31 28
D 81 3847 2 82 49 83 5
D 80 3843 2 17 81 40 5
D 86 3837 2 21 20 19 5
D 87 3837 2 21 27 19 28
D 85 3839 2 86 22 87 5
D 88 3839 2 86 41 87 28
D 84 3843 2 85 48 88 5
D 79 3819 3 12 80 43 84 53 5
D 68 3799 3 7 69 54 79 65 5
D 89 3721 2 2 67 4 3
D 0 3723 3 1 6 66 68 89 5
