c ids of sdd nodes start at 0
c sdd nodes appear bottom-up, children before parents
c
c file syntax:
c sdd count-of-sdd-nodes
c F id-of-false-sdd-node
c T id-of-true-sdd-node
c L id-of-literal-sdd-node id-of-vtree literal
c D id-of-decomposition-sdd-node id-of-vtree number-of-elements {id-of-prime id-of-sub}*
c
sdd 90
L 2 3756 -75
L 3 3758 76
L 4 3756 75
F 5
D 1 3757 2 2 3 4 5
L 8 3796 -759
L 9 3798 760
L 10 3796 759
D 7 3797 2 8 9 10 5
L 13 3852 -73
L 14 3854 74
L 15 3852 73
D 12 3853 2 13 14 15 5
L 19 3856 -1093
L 20 3858 -1094
L 21 3856 1093
D 18 3857 2 19 20 21 5
L 23 3860 -1095
L 24 3862 -1096
L 25 3860 1095
D 22 3861 2 23 24 25 5
L 27 3858 1094
T 28
D 26 3857 2 19 27 21 28
D 17 3859 2 18 22 26 5
L 31 3864 -1097
L 32 3866 -1098
L 33 3864 1097
D 30 3865 2 31 32 33 5
L 35 3868 -1099
L 36 3870 1100
L 37 3868 1099
D 34 3869 2 35 36 37 5
L 39 3866 1098
D 38 3865 2 31 39 33 28
D 29 3867 2 30 34 38 5
L 42 3862 1096
D 41 3861 2 23 42 25 28
D 40 3859 2 18 41 26 28
D 16 3863 2 17 29 40 5
L 44 3854 -74
D 43 3853 2 15 44 13 5
D 47 3861 2 23 42 25 5
D 46 3859 2 18 47 26 5
L 50 3870 -1100
D 49 3869 2 35 50 37 5
D 48 3867 2 30 49 38 5
D 52 3861 2 23 24 25 28
D 51 3859 2 18 52 26 28
D 45 3863 2 46 48 51 5
D 53 3853 2 13 44 15 14
D 11 3855 3 12 16 43 45 53 5
L 55 3798 -760
D 54 3797 2 10 55 8 5
D 59 3865 2 31 39 33 5
D 60 3865 2 31 32 33 28
D 58 3867 2 59 49 60 5
D 57 3863 2 17 58 40 5
D 63 3857 2 19 27 21 5
D 64 3857 2 19 20 21 28
D 62 3859 2 63 22 64 5
D 65 3859 2 63 41 64 28
D 61 3863 2 62 48 65 5
D 56 3855 3 12 57 43 61 53 5
D 66 3797 2 8 55 10 9
D 6 3799 3 7 11 54 56 66 5
L 68 3758 -76
D 67 3757 2 4 68 2 5
D 73 3869 2 37 50 35 5
D 72 3867 2 30 73 38 5
D 71 3863 2 17 72 40 5
D 76 3861 2 25 24 23 5
D 75 3859 2 18 76 26 5
D 78 3861 2 25 42 23 28
D 77 3859 2 18 78 26 28
D 74 3863 2 75 48 77 5
D 70 3855 3 12 71 43 74 53 5
D 82 3865 2 33 32 31 5
D 83 3865 2 33 39 31 28
D 81 3867 2 82 49 83 5
D 80 3863 2 17 81 40 5
D 86 3857 2 21 20 19 5
D 87 3857 2 21 27 19 28
D 85 3859 2 86 22 87 5
D 88 3859 2 86 41 87 28
D 84 3863 2 85 48 88 5
D 79 3855 3 12 80 43 84 53 5
D 69 3799 3 7 70 54 79 66 5
D 89 3757 2 2 68 4 3
D 0 3759 3 1 6 67 69 89 5
