c ids of sdd nodes start at 0
c sdd nodes appear bottom-up, children before parents
c
c file syntax:
c sdd count-of-sdd-nodes
c F id-of-false-sdd-node
c T id-of-true-sdd-node
c L id-of-literal-sdd-node id-of-vtree literal
c D id-of-decomposition-sdd-node id-of-vtree number-of-elements {id-of-prime id-of-sub}*
c
sdd 90
L 2 4024 -605
L 3 4026 606
L 4 4024 605
F 5
D 1 4025 2 2 3 4 5
L 8 4140 -763
L 9 4142 764
L 10 4140 763
D 7 4141 2 8 9 10 5
L 13 4160 -761
L 14 4162 762
L 15 4160 761
D 12 4161 2 13 14 15 5
L 19 4172 -3691
L 20 4174 -3692
L 21 4172 3691
D 18 4173 2 19 20 21 5
L 23 4176 -3693
L 24 4178 -3694
L 25 4176 3693
D 22 4177 2 23 24 25 5
L 27 4174 3692
T 28
D 26 4173 2 19 27 21 28
D 17 4175 2 18 22 26 5
L 31 4180 -3695
L 32 4182 -3696
L 33 4180 3695
D 30 4181 2 31 32 33 5
L 35 4184 -3697
L 36 4186 3698
L 37 4184 3697
D 34 4185 2 35 36 37 5
L 39 4182 3696
D 38 4181 2 31 39 33 28
D 29 4183 2 30 34 38 5
L 42 4178 3694
D 41 4177 2 23 42 25 28
D 40 4175 2 18 41 26 28
D 16 4179 2 17 29 40 5
L 44 4162 -762
D 43 4161 2 15 44 13 5
D 47 4177 2 23 42 25 5
D 46 4175 2 18 47 26 5
L 50 4186 -3698
D 49 4185 2 35 50 37 5
D 48 4183 2 30 49 38 5
D 52 4177 2 23 24 25 28
D 51 4175 2 18 52 26 28
D 45 4179 2 46 48 51 5
D 53 4161 2 13 44 15 14
D 11 4163 3 12 16 43 45 53 5
L 55 4142 -764
D 54 4141 2 10 55 8 5
D 59 4185 2 37 50 35 5
D 58 4183 2 30 59 38 5
D 57 4179 2 17 58 40 5
D 62 4177 2 25 24 23 5
D 61 4175 2 18 62 26 5
D 64 4177 2 25 42 23 28
D 63 4175 2 18 64 26 28
D 60 4179 2 61 48 63 5
D 56 4163 3 12 57 43 60 53 5
D 65 4141 2 8 55 10 9
D 6 4143 3 7 11 54 56 65 5
L 67 4026 -606
D 66 4025 2 4 67 2 5
D 72 4181 2 31 39 33 5
D 73 4181 2 31 32 33 28
D 71 4183 2 72 49 73 5
D 70 4179 2 17 71 40 5
D 76 4173 2 19 27 21 5
D 77 4173 2 19 20 21 28
D 75 4175 2 76 22 77 5
D 78 4175 2 76 41 77 28
D 74 4179 2 75 48 78 5
D 69 4163 3 12 70 43 74 53 5
D 82 4181 2 33 32 31 5
D 83 4181 2 33 39 31 28
D 81 4183 2 82 49 83 5
D 80 4179 2 17 81 40 5
D 86 4173 2 21 20 19 5
D 87 4173 2 21 27 19 28
D 85 4175 2 86 22 87 5
D 88 4175 2 86 41 87 28
D 84 4179 2 85 48 88 5
D 79 4163 3 12 80 43 84 53 5
D 68 4143 3 7 69 54 79 65 5
D 89 4025 2 2 67 4 3
D 0 4027 3 1 6 66 68 89 5
