c ids of sdd nodes start at 0
c sdd nodes appear bottom-up, children before parents
c
c file syntax:
c sdd count-of-sdd-nodes
c F id-of-false-sdd-node
c T id-of-true-sdd-node
c L id-of-literal-sdd-node id-of-vtree literal
c D id-of-decomposition-sdd-node id-of-vtree number-of-elements {id-of-prime id-of-sub}*
c
sdd 90
L 2 2300 -767
L 3 2302 768
L 4 2300 767
F 5
D 1 2301 2 2 3 4 5
L 8 2456 -501
L 9 2458 502
L 10 2456 501
D 7 2457 2 8 9 10 5
L 13 2512 -711
L 14 2514 712
L 15 2512 711
D 12 2513 2 13 14 15 5
L 19 2532 -3707
L 20 2534 -3708
L 21 2532 3707
D 18 2533 2 19 20 21 5
L 23 2536 -3709
L 24 2538 -3710
L 25 2536 3709
D 22 2537 2 23 24 25 5
L 27 2534 3708
T 28
D 26 2533 2 19 27 21 28
D 17 2535 2 18 22 26 5
L 31 2540 -3711
L 32 2542 -3712
L 33 2540 3711
D 30 2541 2 31 32 33 5
L 35 2544 -3713
L 36 2546 3714
L 37 2544 3713
D 34 2545 2 35 36 37 5
L 39 2542 3712
D 38 2541 2 31 39 33 28
D 29 2543 2 30 34 38 5
L 42 2538 3710
D 41 2537 2 23 42 25 28
D 40 2535 2 18 41 26 28
D 16 2539 2 17 29 40 5
L 44 2514 -712
D 43 2513 2 15 44 13 5
D 47 2537 2 23 42 25 5
D 46 2535 2 18 47 26 5
L 50 2546 -3714
D 49 2545 2 35 50 37 5
D 48 2543 2 30 49 38 5
D 52 2537 2 23 24 25 28
D 51 2535 2 18 52 26 28
D 45 2539 2 46 48 51 5
D 53 2513 2 13 44 15 14
D 11 2515 3 12 16 43 45 53 5
L 55 2458 -502
D 54 2457 2 10 55 8 5
D 59 2541 2 31 39 33 5
D 60 2541 2 31 32 33 28
D 58 2543 2 59 49 60 5
D 57 2539 2 17 58 40 5
D 63 2533 2 19 27 21 5
D 64 2533 2 19 20 21 28
D 62 2535 2 63 22 64 5
D 65 2535 2 63 41 64 28
D 61 2539 2 62 48 65 5
D 56 2515 3 12 57 43 61 53 5
D 66 2457 2 8 55 10 9
D 6 2459 3 7 11 54 56 66 5
L 68 2302 -768
D 67 2301 2 4 68 2 5
D 73 2545 2 37 50 35 5
D 72 2543 2 30 73 38 5
D 71 2539 2 17 72 40 5
D 76 2537 2 25 24 23 5
D 75 2535 2 18 76 26 5
D 78 2537 2 25 42 23 28
D 77 2535 2 18 78 26 28
D 74 2539 2 75 48 77 5
D 70 2515 3 12 71 43 74 53 5
D 82 2541 2 33 32 31 5
D 83 2541 2 33 39 31 28
D 81 2543 2 82 49 83 5
D 80 2539 2 17 81 40 5
D 86 2533 2 21 20 19 5
D 87 2533 2 21 27 19 28
D 85 2535 2 86 22 87 5
D 88 2535 2 86 41 87 28
D 84 2539 2 85 48 88 5
D 79 2515 3 12 80 43 84 53 5
D 69 2459 3 7 70 54 79 66 5
D 89 2301 2 2 68 4 3
D 0 2303 3 1 6 67 69 89 5
