c ids of sdd nodes start at 0
c sdd nodes appear bottom-up, children before parents
c
c file syntax:
c sdd count-of-sdd-nodes
c F id-of-false-sdd-node
c T id-of-true-sdd-node
c L id-of-literal-sdd-node id-of-vtree literal
c D id-of-decomposition-sdd-node id-of-vtree number-of-elements {id-of-prime id-of-sub}*
c
sdd 90
L 2 160 -539
L 3 162 540
L 4 160 539
F 5
D 1 161 2 2 3 4 5
L 8 648 -439
L 9 650 440
L 10 648 439
D 7 649 2 8 9 10 5
L 13 684 -769
L 14 686 770
L 15 684 769
D 12 685 2 13 14 15 5
L 19 688 -3715
L 20 690 -3716
L 21 688 3715
D 18 689 2 19 20 21 5
L 23 692 -3717
L 24 694 -3718
L 25 692 3717
D 22 693 2 23 24 25 5
L 27 690 3716
T 28
D 26 689 2 19 27 21 28
D 17 691 2 18 22 26 5
L 31 696 -3719
L 32 698 -3720
L 33 696 3719
D 30 697 2 31 32 33 5
L 35 700 -3721
L 36 702 3722
L 37 700 3721
D 34 701 2 35 36 37 5
L 39 698 3720
D 38 697 2 31 39 33 28
D 29 699 2 30 34 38 5
L 42 694 3718
D 41 693 2 23 42 25 28
D 40 691 2 18 41 26 28
D 16 695 2 17 29 40 5
L 44 686 -770
D 43 685 2 15 44 13 5
L 48 702 -3722
D 47 701 2 37 48 35 5
D 46 699 2 30 47 38 5
D 45 695 2 17 46 40 5
D 49 685 2 13 44 15 14
D 11 687 3 12 16 43 45 49 5
L 51 650 -440
D 50 649 2 10 51 8 5
D 55 693 2 23 42 25 5
D 54 691 2 18 55 26 5
D 57 701 2 35 48 37 5
D 56 699 2 30 57 38 5
D 59 693 2 23 24 25 28
D 58 691 2 18 59 26 28
D 53 695 2 54 56 58 5
D 62 693 2 25 24 23 5
D 61 691 2 18 62 26 5
D 64 693 2 25 42 23 28
D 63 691 2 18 64 26 28
D 60 695 2 61 56 63 5
D 52 687 3 12 53 43 60 49 5
D 65 649 2 8 51 10 9
D 6 651 3 7 11 50 52 65 5
L 67 162 -540
D 66 161 2 4 67 2 5
D 72 697 2 31 39 33 5
D 73 697 2 31 32 33 28
D 71 699 2 72 57 73 5
D 70 695 2 17 71 40 5
D 76 697 2 33 32 31 5
D 77 697 2 33 39 31 28
D 75 699 2 76 57 77 5
D 74 695 2 17 75 40 5
D 69 687 3 12 70 43 74 49 5
D 81 689 2 19 27 21 5
D 82 689 2 19 20 21 28
D 80 691 2 81 22 82 5
D 83 691 2 81 41 82 28
D 79 695 2 80 56 83 5
D 86 689 2 21 20 19 5
D 87 689 2 21 27 19 28
D 85 691 2 86 22 87 5
D 88 691 2 86 41 87 28
D 84 695 2 85 56 88 5
D 78 687 3 12 79 43 84 49 5
D 68 651 3 7 69 50 78 65 5
D 89 161 2 2 67 4 3
D 0 163 3 1 6 66 68 89 5
