c ids of sdd nodes start at 0
c sdd nodes appear bottom-up, children before parents
c
c file syntax:
c sdd count-of-sdd-nodes
c F id-of-false-sdd-node
c T id-of-true-sdd-node
c L id-of-literal-sdd-node id-of-vtree literal
c D id-of-decomposition-sdd-node id-of-vtree number-of-elements {id-of-prime id-of-sub}*
c
sdd 90
L 2 440 -771
L 3 442 772
L 4 440 771
F 5
D 1 441 2 2 3 4 5
L 8 628 -39
L 9 630 40
L 10 628 39
D 7 629 2 8 9 10 5
L 13 684 -769
L 14 686 770
L 15 684 769
D 12 685 2 13 14 15 5
L 19 704 -3723
L 20 706 -3724
L 21 704 3723
D 18 705 2 19 20 21 5
L 23 708 -3725
L 24 710 -3726
L 25 708 3725
D 22 709 2 23 24 25 5
L 27 706 3724
T 28
D 26 705 2 19 27 21 28
D 17 707 2 18 22 26 5
L 31 712 -3727
L 32 714 -3728
L 33 712 3727
D 30 713 2 31 32 33 5
L 35 716 -3729
L 36 718 3730
L 37 716 3729
D 34 717 2 35 36 37 5
L 39 714 3728
D 38 713 2 31 39 33 28
D 29 715 2 30 34 38 5
L 42 710 3726
D 41 709 2 23 42 25 28
D 40 707 2 18 41 26 28
D 16 711 2 17 29 40 5
L 44 686 -770
D 43 685 2 15 44 13 5
D 47 713 2 31 39 33 5
L 49 718 -3730
D 48 717 2 35 49 37 5
D 50 713 2 31 32 33 28
D 46 715 2 47 48 50 5
D 45 711 2 17 46 40 5
D 51 685 2 13 44 15 14
D 11 687 3 12 16 43 45 51 5
L 53 630 -40
D 52 629 2 10 53 8 5
D 57 709 2 23 42 25 5
D 56 707 2 18 57 26 5
D 58 715 2 30 48 38 5
D 60 709 2 23 24 25 28
D 59 707 2 18 60 26 28
D 55 711 2 56 58 59 5
D 63 705 2 19 27 21 5
D 64 705 2 19 20 21 28
D 62 707 2 63 22 64 5
D 65 707 2 63 41 64 28
D 61 711 2 62 58 65 5
D 54 687 3 12 55 43 61 51 5
D 66 629 2 8 53 10 9
D 6 631 3 7 11 52 54 66 5
L 68 442 -772
D 67 441 2 4 68 2 5
D 73 717 2 37 49 35 5
D 72 715 2 30 73 38 5
D 71 711 2 17 72 40 5
D 76 713 2 33 32 31 5
D 77 713 2 33 39 31 28
D 75 715 2 76 48 77 5
D 74 711 2 17 75 40 5
D 70 687 3 12 71 43 74 51 5
D 81 709 2 25 24 23 5
D 80 707 2 18 81 26 5
D 83 709 2 25 42 23 28
D 82 707 2 18 83 26 28
D 79 711 2 80 58 82 5
D 86 705 2 21 20 19 5
D 87 705 2 21 27 19 28
D 85 707 2 86 22 87 5
D 88 707 2 86 41 87 28
D 84 711 2 85 58 88 5
D 78 687 3 12 79 43 84 51 5
D 69 631 3 7 70 52 78 66 5
D 89 441 2 2 68 4 3
D 0 443 3 1 6 67 69 89 5
