c ids of sdd nodes start at 0
c sdd nodes appear bottom-up, children before parents
c
c file syntax:
c sdd count-of-sdd-nodes
c F id-of-false-sdd-node
c T id-of-true-sdd-node
c L id-of-literal-sdd-node id-of-vtree literal
c D id-of-decomposition-sdd-node id-of-vtree number-of-elements {id-of-prime id-of-sub}*
c
sdd 90
L 2 3264 -725
L 3 3266 726
L 4 3264 725
F 5
D 1 3265 2 2 3 4 5
L 8 3284 -591
L 9 3286 592
L 10 3284 591
D 7 3285 2 8 9 10 5
L 13 3304 -773
L 14 3306 774
L 15 3304 773
D 12 3305 2 13 14 15 5
L 19 3308 -3731
L 20 3310 -3732
L 21 3308 3731
D 18 3309 2 19 20 21 5
L 23 3312 -3733
L 24 3314 -3734
L 25 3312 3733
D 22 3313 2 23 24 25 5
L 27 3310 3732
T 28
D 26 3309 2 19 27 21 28
D 17 3311 2 18 22 26 5
L 31 3316 -3735
L 32 3318 -3736
L 33 3316 3735
D 30 3317 2 31 32 33 5
L 35 3320 -3737
L 36 3322 3738
L 37 3320 3737
D 34 3321 2 35 36 37 5
L 39 3318 3736
D 38 3317 2 31 39 33 28
D 29 3319 2 30 34 38 5
L 42 3314 3734
D 41 3313 2 23 42 25 28
D 40 3311 2 18 41 26 28
D 16 3315 2 17 29 40 5
L 44 3306 -774
D 43 3305 2 15 44 13 5
L 48 3322 -3738
D 47 3321 2 37 48 35 5
D 46 3319 2 30 47 38 5
D 45 3315 2 17 46 40 5
D 49 3305 2 13 44 15 14
D 11 3307 3 12 16 43 45 49 5
L 51 3286 -592
D 50 3285 2 10 51 8 5
D 55 3317 2 31 39 33 5
D 56 3321 2 35 48 37 5
D 57 3317 2 31 32 33 28
D 54 3319 2 55 56 57 5
D 53 3315 2 17 54 40 5
D 60 3317 2 33 32 31 5
D 61 3317 2 33 39 31 28
D 59 3319 2 60 56 61 5
D 58 3315 2 17 59 40 5
D 52 3307 3 12 53 43 58 49 5
D 62 3285 2 8 51 10 9
D 6 3287 3 7 11 50 52 62 5
L 64 3266 -726
D 63 3265 2 4 64 2 5
D 69 3313 2 23 42 25 5
D 68 3311 2 18 69 26 5
D 70 3319 2 30 56 38 5
D 72 3313 2 23 24 25 28
D 71 3311 2 18 72 26 28
D 67 3315 2 68 70 71 5
D 75 3313 2 25 24 23 5
D 74 3311 2 18 75 26 5
D 77 3313 2 25 42 23 28
D 76 3311 2 18 77 26 28
D 73 3315 2 74 70 76 5
D 66 3307 3 12 67 43 73 49 5
D 81 3309 2 19 27 21 5
D 82 3309 2 19 20 21 28
D 80 3311 2 81 22 82 5
D 83 3311 2 81 41 82 28
D 79 3315 2 80 70 83 5
D 86 3309 2 21 20 19 5
D 87 3309 2 21 27 19 28
D 85 3311 2 86 22 87 5
D 88 3311 2 86 41 87 28
D 84 3315 2 85 70 88 5
D 78 3307 3 12 79 43 84 49 5
D 65 3287 3 7 66 50 78 62 5
D 89 3265 2 2 64 4 3
D 0 3267 3 1 6 63 65 89 5
