c ids of sdd nodes start at 0
c sdd nodes appear bottom-up, children before parents
c
c file syntax:
c sdd count-of-sdd-nodes
c F id-of-false-sdd-node
c T id-of-true-sdd-node
c L id-of-literal-sdd-node id-of-vtree literal
c D id-of-decomposition-sdd-node id-of-vtree number-of-elements {id-of-prime id-of-sub}*
c
sdd 90
L 2 124 -795
L 3 126 796
L 4 124 795
F 5
D 1 125 2 2 3 4 5
L 8 164 -777
L 9 166 778
L 10 164 777
D 7 165 2 8 9 10 5
L 13 184 -403
L 14 186 404
L 15 184 403
D 12 185 2 13 14 15 5
L 19 188 -3747
L 20 190 -3748
L 21 188 3747
D 18 189 2 19 20 21 5
L 23 192 -3749
L 24 194 -3750
L 25 192 3749
D 22 193 2 23 24 25 5
L 27 190 3748
T 28
D 26 189 2 19 27 21 28
D 17 191 2 18 22 26 5
L 31 196 -3751
L 32 198 -3752
L 33 196 3751
D 30 197 2 31 32 33 5
L 35 200 -3753
L 36 202 3754
L 37 200 3753
D 34 201 2 35 36 37 5
L 39 198 3752
D 38 197 2 31 39 33 28
D 29 199 2 30 34 38 5
L 42 194 3750
D 41 193 2 23 42 25 28
D 40 191 2 18 41 26 28
D 16 195 2 17 29 40 5
L 44 186 -404
D 43 185 2 15 44 13 5
D 47 197 2 31 39 33 5
L 49 202 -3754
D 48 201 2 35 49 37 5
D 50 197 2 31 32 33 28
D 46 199 2 47 48 50 5
D 45 195 2 17 46 40 5
D 51 185 2 13 44 15 14
D 11 187 3 12 16 43 45 51 5
L 53 166 -778
D 52 165 2 10 53 8 5
D 57 201 2 37 49 35 5
D 56 199 2 30 57 38 5
D 55 195 2 17 56 40 5
D 60 197 2 33 32 31 5
D 61 197 2 33 39 31 28
D 59 199 2 60 48 61 5
D 58 195 2 17 59 40 5
D 54 187 3 12 55 43 58 51 5
D 62 165 2 8 53 10 9
D 6 167 3 7 11 52 54 62 5
L 64 126 -796
D 63 125 2 4 64 2 5
D 69 193 2 23 42 25 5
D 68 191 2 18 69 26 5
D 70 199 2 30 48 38 5
D 72 193 2 23 24 25 28
D 71 191 2 18 72 26 28
D 67 195 2 68 70 71 5
D 75 189 2 19 27 21 5
D 76 189 2 19 20 21 28
D 74 191 2 75 22 76 5
D 77 191 2 75 41 76 28
D 73 195 2 74 70 77 5
D 66 187 3 12 67 43 73 51 5
D 81 193 2 25 24 23 5
D 80 191 2 18 81 26 5
D 83 193 2 25 42 23 28
D 82 191 2 18 83 26 28
D 79 195 2 80 70 82 5
D 86 189 2 21 20 19 5
D 87 189 2 21 27 19 28
D 85 191 2 86 22 87 5
D 88 191 2 86 41 87 28
D 84 195 2 85 70 88 5
D 78 187 3 12 79 43 84 51 5
D 65 167 3 7 66 52 78 62 5
D 89 125 2 2 64 4 3
D 0 127 3 1 6 63 65 89 5
