c ids of sdd nodes start at 0
c sdd nodes appear bottom-up, children before parents
c
c file syntax:
c sdd count-of-sdd-nodes
c F id-of-false-sdd-node
c T id-of-true-sdd-node
c L id-of-literal-sdd-node id-of-vtree literal
c D id-of-decomposition-sdd-node id-of-vtree number-of-elements {id-of-prime id-of-sub}*
c
sdd 90
L 2 156 -779
L 3 158 780
L 4 156 779
F 5
D 1 157 2 2 3 4 5
L 8 164 -777
L 9 166 778
L 10 164 777
D 7 165 2 8 9 10 5
L 13 212 -401
L 14 214 402
L 15 212 401
D 12 213 2 13 14 15 5
L 19 232 -3755
L 20 234 -3756
L 21 232 3755
D 18 233 2 19 20 21 5
L 23 236 -3757
L 24 238 -3758
L 25 236 3757
D 22 237 2 23 24 25 5
L 27 234 3756
T 28
D 26 233 2 19 27 21 28
D 17 235 2 18 22 26 5
L 31 240 -3759
L 32 242 -3760
L 33 240 3759
D 30 241 2 31 32 33 5
L 35 244 -3761
L 36 246 3762
L 37 244 3761
D 34 245 2 35 36 37 5
L 39 242 3760
D 38 241 2 31 39 33 28
D 29 243 2 30 34 38 5
L 42 238 3758
D 41 237 2 23 42 25 28
D 40 235 2 18 41 26 28
D 16 239 2 17 29 40 5
L 44 214 -402
D 43 213 2 15 44 13 5
D 47 241 2 31 39 33 5
L 49 246 -3762
D 48 245 2 35 49 37 5
D 50 241 2 31 32 33 28
D 46 243 2 47 48 50 5
D 45 239 2 17 46 40 5
D 51 213 2 13 44 15 14
D 11 215 3 12 16 43 45 51 5
L 53 166 -778
D 52 165 2 10 53 8 5
D 57 237 2 23 42 25 5
D 56 235 2 18 57 26 5
D 58 243 2 30 48 38 5
D 60 237 2 23 24 25 28
D 59 235 2 18 60 26 28
D 55 239 2 56 58 59 5
D 63 233 2 19 27 21 5
D 64 233 2 19 20 21 28
D 62 235 2 63 22 64 5
D 65 235 2 63 41 64 28
D 61 239 2 62 58 65 5
D 54 215 3 12 55 43 61 51 5
D 66 165 2 8 53 10 9
D 6 167 3 7 11 52 54 66 5
L 68 158 -780
D 67 157 2 4 68 2 5
D 73 245 2 37 49 35 5
D 72 243 2 30 73 38 5
D 71 239 2 17 72 40 5
D 76 241 2 33 32 31 5
D 77 241 2 33 39 31 28
D 75 243 2 76 48 77 5
D 74 239 2 17 75 40 5
D 70 215 3 12 71 43 74 51 5
D 81 237 2 25 24 23 5
D 80 235 2 18 81 26 5
D 83 237 2 25 42 23 28
D 82 235 2 18 83 26 28
D 79 239 2 80 58 82 5
D 86 233 2 21 20 19 5
D 87 233 2 21 27 19 28
D 85 235 2 86 22 87 5
D 88 235 2 86 41 87 28
D 84 239 2 85 58 88 5
D 78 215 3 12 79 43 84 51 5
D 69 167 3 7 70 52 78 66 5
D 89 157 2 2 68 4 3
D 0 159 3 1 6 67 69 89 5
