c ids of sdd nodes start at 0
c sdd nodes appear bottom-up, children before parents
c
c file syntax:
c sdd count-of-sdd-nodes
c F id-of-false-sdd-node
c T id-of-true-sdd-node
c L id-of-literal-sdd-node id-of-vtree literal
c D id-of-decomposition-sdd-node id-of-vtree number-of-elements {id-of-prime id-of-sub}*
c
sdd 90
L 2 3644 -749
L 3 3646 750
L 4 3644 749
F 5
D 1 3645 2 2 3 4 5
L 8 3756 -75
L 9 3758 76
L 10 3756 75
D 7 3757 2 8 9 10 5
L 13 3760 -77
L 14 3762 78
L 15 3760 77
D 12 3761 2 13 14 15 5
L 19 3764 -1101
L 20 3766 -1102
L 21 3764 1101
D 18 3765 2 19 20 21 5
L 23 3768 -1103
L 24 3770 -1104
L 25 3768 1103
D 22 3769 2 23 24 25 5
L 27 3766 1102
T 28
D 26 3765 2 19 27 21 28
D 17 3767 2 18 22 26 5
L 31 3772 -1105
L 32 3774 -1106
L 33 3772 1105
D 30 3773 2 31 32 33 5
L 35 3776 -1107
L 36 3778 1108
L 37 3776 1107
D 34 3777 2 35 36 37 5
L 39 3774 1106
D 38 3773 2 31 39 33 28
D 29 3775 2 30 34 38 5
L 42 3770 1104
D 41 3769 2 23 42 25 28
D 40 3767 2 18 41 26 28
D 16 3771 2 17 29 40 5
L 44 3762 -78
D 43 3761 2 15 44 13 5
L 48 3778 -1108
D 47 3777 2 37 48 35 5
D 46 3775 2 30 47 38 5
D 45 3771 2 17 46 40 5
D 49 3761 2 13 44 15 14
D 11 3763 3 12 16 43 45 49 5
L 51 3758 -76
D 50 3757 2 10 51 8 5
D 55 3769 2 23 42 25 5
D 54 3767 2 18 55 26 5
D 57 3777 2 35 48 37 5
D 56 3775 2 30 57 38 5
D 59 3769 2 23 24 25 28
D 58 3767 2 18 59 26 28
D 53 3771 2 54 56 58 5
D 62 3769 2 25 24 23 5
D 61 3767 2 18 62 26 5
D 64 3769 2 25 42 23 28
D 63 3767 2 18 64 26 28
D 60 3771 2 61 56 63 5
D 52 3763 3 12 53 43 60 49 5
D 65 3757 2 8 51 10 9
D 6 3759 3 7 11 50 52 65 5
L 67 3646 -750
D 66 3645 2 4 67 2 5
D 72 3773 2 31 39 33 5
D 73 3773 2 31 32 33 28
D 71 3775 2 72 57 73 5
D 70 3771 2 17 71 40 5
D 76 3773 2 33 32 31 5
D 77 3773 2 33 39 31 28
D 75 3775 2 76 57 77 5
D 74 3771 2 17 75 40 5
D 69 3763 3 12 70 43 74 49 5
D 81 3765 2 19 27 21 5
D 82 3765 2 19 20 21 28
D 80 3767 2 81 22 82 5
D 83 3767 2 81 41 82 28
D 79 3771 2 80 56 83 5
D 86 3765 2 21 20 19 5
D 87 3765 2 21 27 19 28
D 85 3767 2 86 22 87 5
D 88 3767 2 86 41 87 28
D 84 3771 2 85 56 88 5
D 78 3763 3 12 79 43 84 49 5
D 68 3759 3 7 69 50 78 65 5
D 89 3645 2 2 67 4 3
D 0 3647 3 1 6 66 68 89 5
