c ids of sdd nodes start at 0
c sdd nodes appear bottom-up, children before parents
c
c file syntax:
c sdd count-of-sdd-nodes
c F id-of-false-sdd-node
c T id-of-true-sdd-node
c L id-of-literal-sdd-node id-of-vtree literal
c D id-of-decomposition-sdd-node id-of-vtree number-of-elements {id-of-prime id-of-sub}*
c
sdd 90
L 2 5996 -159
L 3 5998 160
L 4 5996 159
F 5
D 1 5997 2 2 3 4 5
L 8 6256 -781
L 9 6258 782
L 10 6256 781
D 7 6257 2 8 9 10 5
L 13 6292 -419
L 14 6294 420
L 15 6292 419
D 12 6293 2 13 14 15 5
L 19 6328 -3763
L 20 6330 -3764
L 21 6328 3763
D 18 6329 2 19 20 21 5
L 23 6332 -3765
L 24 6334 -3766
L 25 6332 3765
D 22 6333 2 23 24 25 5
L 27 6330 3764
T 28
D 26 6329 2 19 27 21 28
D 17 6331 2 18 22 26 5
L 31 6336 -3767
L 32 6338 -3768
L 33 6336 3767
D 30 6337 2 31 32 33 5
L 35 6340 -3769
L 36 6342 3770
L 37 6340 3769
D 34 6341 2 35 36 37 5
L 39 6338 3768
D 38 6337 2 31 39 33 28
D 29 6339 2 30 34 38 5
L 42 6334 3766
D 41 6333 2 23 42 25 28
D 40 6331 2 18 41 26 28
D 16 6335 2 17 29 40 5
L 44 6294 -420
D 43 6293 2 15 44 13 5
D 47 6337 2 31 39 33 5
L 49 6342 -3770
D 48 6341 2 35 49 37 5
D 50 6337 2 31 32 33 28
D 46 6339 2 47 48 50 5
D 45 6335 2 17 46 40 5
D 51 6293 2 13 44 15 14
D 11 6295 3 12 16 43 45 51 5
L 53 6258 -782
D 52 6257 2 10 53 8 5
D 57 6341 2 37 49 35 5
D 56 6339 2 30 57 38 5
D 55 6335 2 17 56 40 5
D 60 6337 2 33 32 31 5
D 61 6337 2 33 39 31 28
D 59 6339 2 60 48 61 5
D 58 6335 2 17 59 40 5
D 54 6295 3 12 55 43 58 51 5
D 62 6257 2 8 53 10 9
D 6 6259 3 7 11 52 54 62 5
L 64 5998 -160
D 63 5997 2 4 64 2 5
D 69 6333 2 23 42 25 5
D 68 6331 2 18 69 26 5
D 70 6339 2 30 48 38 5
D 72 6333 2 23 24 25 28
D 71 6331 2 18 72 26 28
D 67 6335 2 68 70 71 5
D 75 6329 2 19 27 21 5
D 76 6329 2 19 20 21 28
D 74 6331 2 75 22 76 5
D 77 6331 2 75 41 76 28
D 73 6335 2 74 70 77 5
D 66 6295 3 12 67 43 73 51 5
D 81 6333 2 25 24 23 5
D 80 6331 2 18 81 26 5
D 83 6333 2 25 42 23 28
D 82 6331 2 18 83 26 28
D 79 6335 2 80 70 82 5
D 86 6329 2 21 20 19 5
D 87 6329 2 21 27 19 28
D 85 6331 2 86 22 87 5
D 88 6331 2 86 41 87 28
D 84 6335 2 85 70 88 5
D 78 6295 3 12 79 43 84 51 5
D 65 6259 3 7 66 52 78 62 5
D 89 5997 2 2 64 4 3
D 0 5999 3 1 6 63 65 89 5
