c ids of sdd nodes start at 0
c sdd nodes appear bottom-up, children before parents
c
c file syntax:
c sdd count-of-sdd-nodes
c F id-of-false-sdd-node
c T id-of-true-sdd-node
c L id-of-literal-sdd-node id-of-vtree literal
c D id-of-decomposition-sdd-node id-of-vtree number-of-elements {id-of-prime id-of-sub}*
c
sdd 90
L 2 24 -785
L 3 26 786
L 4 24 785
F 5
D 1 25 2 2 3 4 5
L 8 5796 -783
L 9 5798 784
L 10 5796 783
D 7 5797 2 8 9 10 5
L 13 6364 -415
L 14 6366 416
L 15 6364 415
D 12 6365 2 13 14 15 5
L 19 6400 -3779
L 20 6402 -3780
L 21 6400 3779
D 18 6401 2 19 20 21 5
L 23 6404 -3781
L 24 6406 -3782
L 25 6404 3781
D 22 6405 2 23 24 25 5
L 27 6402 3780
T 28
D 26 6401 2 19 27 21 28
D 17 6403 2 18 22 26 5
L 31 6408 -3783
L 32 6410 -3784
L 33 6408 3783
D 30 6409 2 31 32 33 5
L 35 6412 -3785
L 36 6414 3786
L 37 6412 3785
D 34 6413 2 35 36 37 5
L 39 6410 3784
D 38 6409 2 31 39 33 28
D 29 6411 2 30 34 38 5
L 42 6406 3782
D 41 6405 2 23 42 25 28
D 40 6403 2 18 41 26 28
D 16 6407 2 17 29 40 5
L 44 6366 -416
D 43 6365 2 15 44 13 5
D 47 6409 2 31 39 33 5
L 49 6414 -3786
D 48 6413 2 35 49 37 5
D 50 6409 2 31 32 33 28
D 46 6411 2 47 48 50 5
D 45 6407 2 17 46 40 5
D 51 6365 2 13 44 15 14
D 11 6367 3 12 16 43 45 51 5
L 53 5798 -784
D 52 5797 2 10 53 8 5
D 57 6405 2 23 42 25 5
D 56 6403 2 18 57 26 5
D 58 6411 2 30 48 38 5
D 60 6405 2 23 24 25 28
D 59 6403 2 18 60 26 28
D 55 6407 2 56 58 59 5
D 63 6401 2 19 27 21 5
D 64 6401 2 19 20 21 28
D 62 6403 2 63 22 64 5
D 65 6403 2 63 41 64 28
D 61 6407 2 62 58 65 5
D 54 6367 3 12 55 43 61 51 5
D 66 5797 2 8 53 10 9
D 6 5799 3 7 11 52 54 66 5
L 68 26 -786
D 67 25 2 4 68 2 5
D 73 6413 2 37 49 35 5
D 72 6411 2 30 73 38 5
D 71 6407 2 17 72 40 5
D 76 6409 2 33 32 31 5
D 77 6409 2 33 39 31 28
D 75 6411 2 76 48 77 5
D 74 6407 2 17 75 40 5
D 70 6367 3 12 71 43 74 51 5
D 81 6405 2 25 24 23 5
D 80 6403 2 18 81 26 5
D 83 6405 2 25 42 23 28
D 82 6403 2 18 83 26 28
D 79 6407 2 80 58 82 5
D 86 6401 2 21 20 19 5
D 87 6401 2 21 27 19 28
D 85 6403 2 86 22 87 5
D 88 6403 2 86 41 87 28
D 84 6407 2 85 58 88 5
D 78 6367 3 12 79 43 84 51 5
D 69 5799 3 7 70 52 78 66 5
D 89 25 2 2 68 4 3
D 0 27 3 1 6 67 69 89 5
