c ids of sdd nodes start at 0
c sdd nodes appear bottom-up, children before parents
c
c file syntax:
c sdd count-of-sdd-nodes
c F id-of-false-sdd-node
c T id-of-true-sdd-node
c L id-of-literal-sdd-node id-of-vtree literal
c D id-of-decomposition-sdd-node id-of-vtree number-of-elements {id-of-prime id-of-sub}*
c
sdd 90
L 2 24 -785
L 3 26 786
L 4 24 785
F 5
D 1 25 2 2 3 4 5
L 8 32 -413
L 9 34 414
L 10 32 413
D 7 33 2 8 9 10 5
L 13 720 -787
L 14 722 788
L 15 720 787
D 12 721 2 13 14 15 5
L 19 724 -3787
L 20 726 -3788
L 21 724 3787
D 18 725 2 19 20 21 5
L 23 728 -3789
L 24 730 -3790
L 25 728 3789
D 22 729 2 23 24 25 5
L 27 726 3788
T 28
D 26 725 2 19 27 21 28
D 17 727 2 18 22 26 5
L 31 732 -3791
L 32 734 -3792
L 33 732 3791
D 30 733 2 31 32 33 5
L 35 736 -3793
L 36 738 3794
L 37 736 3793
D 34 737 2 35 36 37 5
L 39 734 3792
D 38 733 2 31 39 33 28
D 29 735 2 30 34 38 5
L 42 730 3790
D 41 729 2 23 42 25 28
D 40 727 2 18 41 26 28
D 16 731 2 17 29 40 5
L 44 722 -788
D 43 721 2 15 44 13 5
L 48 738 -3794
D 47 737 2 37 48 35 5
D 46 735 2 30 47 38 5
D 45 731 2 17 46 40 5
D 49 721 2 13 44 15 14
D 11 723 3 12 16 43 45 49 5
L 51 34 -414
D 50 33 2 10 51 8 5
D 55 733 2 31 39 33 5
D 56 737 2 35 48 37 5
D 57 733 2 31 32 33 28
D 54 735 2 55 56 57 5
D 53 731 2 17 54 40 5
D 60 733 2 33 32 31 5
D 61 733 2 33 39 31 28
D 59 735 2 60 56 61 5
D 58 731 2 17 59 40 5
D 52 723 3 12 53 43 58 49 5
D 62 33 2 8 51 10 9
D 6 35 3 7 11 50 52 62 5
L 64 26 -786
D 63 25 2 4 64 2 5
D 69 729 2 23 42 25 5
D 68 727 2 18 69 26 5
D 70 735 2 30 56 38 5
D 72 729 2 23 24 25 28
D 71 727 2 18 72 26 28
D 67 731 2 68 70 71 5
D 75 729 2 25 24 23 5
D 74 727 2 18 75 26 5
D 77 729 2 25 42 23 28
D 76 727 2 18 77 26 28
D 73 731 2 74 70 76 5
D 66 723 3 12 67 43 73 49 5
D 81 725 2 19 27 21 5
D 82 725 2 19 20 21 28
D 80 727 2 81 22 82 5
D 83 727 2 81 41 82 28
D 79 731 2 80 70 83 5
D 86 725 2 21 20 19 5
D 87 725 2 21 27 19 28
D 85 727 2 86 22 87 5
D 88 727 2 86 41 87 28
D 84 731 2 85 70 88 5
D 78 723 3 12 79 43 84 49 5
D 65 35 3 7 66 50 78 62 5
D 89 25 2 2 64 4 3
D 0 27 3 1 6 63 65 89 5
