c ids of sdd nodes start at 0
c sdd nodes appear bottom-up, children before parents
c
c file syntax:
c sdd count-of-sdd-nodes
c F id-of-false-sdd-node
c T id-of-true-sdd-node
c L id-of-literal-sdd-node id-of-vtree literal
c D id-of-decomposition-sdd-node id-of-vtree number-of-elements {id-of-prime id-of-sub}*
c
sdd 90
L 2 720 -787
L 3 722 788
L 4 720 787
F 5
D 1 721 2 2 3 4 5
L 8 740 -789
L 9 742 790
L 10 740 789
D 7 741 2 8 9 10 5
L 13 792 -411
L 14 794 412
L 15 792 411
D 12 793 2 13 14 15 5
L 19 828 -3795
L 20 830 -3796
L 21 828 3795
D 18 829 2 19 20 21 5
L 23 832 -3797
L 24 834 -3798
L 25 832 3797
D 22 833 2 23 24 25 5
L 27 830 3796
T 28
D 26 829 2 19 27 21 28
D 17 831 2 18 22 26 5
L 31 836 -3799
L 32 838 -3800
L 33 836 3799
D 30 837 2 31 32 33 5
L 35 840 -3801
L 36 842 3802
L 37 840 3801
D 34 841 2 35 36 37 5
L 39 838 3800
D 38 837 2 31 39 33 28
D 29 839 2 30 34 38 5
L 42 834 3798
D 41 833 2 23 42 25 28
D 40 831 2 18 41 26 28
D 16 835 2 17 29 40 5
L 44 794 -412
D 43 793 2 15 44 13 5
D 47 837 2 31 39 33 5
L 49 842 -3802
D 48 841 2 35 49 37 5
D 50 837 2 31 32 33 28
D 46 839 2 47 48 50 5
D 45 835 2 17 46 40 5
D 51 793 2 13 44 15 14
D 11 795 3 12 16 43 45 51 5
L 53 742 -790
D 52 741 2 10 53 8 5
D 57 841 2 37 49 35 5
D 56 839 2 30 57 38 5
D 55 835 2 17 56 40 5
D 60 837 2 33 32 31 5
D 61 837 2 33 39 31 28
D 59 839 2 60 48 61 5
D 58 835 2 17 59 40 5
D 54 795 3 12 55 43 58 51 5
D 62 741 2 8 53 10 9
D 6 743 3 7 11 52 54 62 5
L 64 722 -788
D 63 721 2 4 64 2 5
D 69 833 2 23 42 25 5
D 68 831 2 18 69 26 5
D 70 839 2 30 48 38 5
D 72 833 2 23 24 25 28
D 71 831 2 18 72 26 28
D 67 835 2 68 70 71 5
D 75 829 2 19 27 21 5
D 76 829 2 19 20 21 28
D 74 831 2 75 22 76 5
D 77 831 2 75 41 76 28
D 73 835 2 74 70 77 5
D 66 795 3 12 67 43 73 51 5
D 81 833 2 25 24 23 5
D 80 831 2 18 81 26 5
D 83 833 2 25 42 23 28
D 82 831 2 18 83 26 28
D 79 835 2 80 70 82 5
D 86 829 2 21 20 19 5
D 87 829 2 21 27 19 28
D 85 831 2 86 22 87 5
D 88 831 2 86 41 87 28
D 84 835 2 85 70 88 5
D 78 795 3 12 79 43 84 51 5
D 65 743 3 7 66 52 78 62 5
D 89 721 2 2 64 4 3
D 0 723 3 1 6 63 65 89 5
