c ids of sdd nodes start at 0
c sdd nodes appear bottom-up, children before parents
c
c file syntax:
c sdd count-of-sdd-nodes
c F id-of-false-sdd-node
c T id-of-true-sdd-node
c L id-of-literal-sdd-node id-of-vtree literal
c D id-of-decomposition-sdd-node id-of-vtree number-of-elements {id-of-prime id-of-sub}*
c
sdd 90
L 2 740 -789
L 3 742 790
L 4 740 789
F 5
D 1 741 2 2 3 4 5
L 8 764 -409
L 9 766 410
L 10 764 409
D 7 765 2 8 9 10 5
L 13 1204 -791
L 14 1206 792
L 15 1204 791
D 12 1205 2 13 14 15 5
L 19 1224 -3803
L 20 1226 -3804
L 21 1224 3803
D 18 1225 2 19 20 21 5
L 23 1228 -3805
L 24 1230 -3806
L 25 1228 3805
D 22 1229 2 23 24 25 5
L 27 1226 3804
T 28
D 26 1225 2 19 27 21 28
D 17 1227 2 18 22 26 5
L 31 1232 -3807
L 32 1234 -3808
L 33 1232 3807
D 30 1233 2 31 32 33 5
L 35 1236 -3809
L 36 1238 3810
L 37 1236 3809
D 34 1237 2 35 36 37 5
L 39 1234 3808
D 38 1233 2 31 39 33 28
D 29 1235 2 30 34 38 5
L 42 1230 3806
D 41 1229 2 23 42 25 28
D 40 1227 2 18 41 26 28
D 16 1231 2 17 29 40 5
L 44 1206 -792
D 43 1205 2 15 44 13 5
L 48 1238 -3810
D 47 1237 2 37 48 35 5
D 46 1235 2 30 47 38 5
D 45 1231 2 17 46 40 5
D 49 1205 2 13 44 15 14
D 11 1207 3 12 16 43 45 49 5
L 51 766 -410
D 50 765 2 10 51 8 5
D 55 1233 2 31 39 33 5
D 56 1237 2 35 48 37 5
D 57 1233 2 31 32 33 28
D 54 1235 2 55 56 57 5
D 53 1231 2 17 54 40 5
D 60 1233 2 33 32 31 5
D 61 1233 2 33 39 31 28
D 59 1235 2 60 56 61 5
D 58 1231 2 17 59 40 5
D 52 1207 3 12 53 43 58 49 5
D 62 765 2 8 51 10 9
D 6 767 3 7 11 50 52 62 5
L 64 742 -790
D 63 741 2 4 64 2 5
D 69 1229 2 23 42 25 5
D 68 1227 2 18 69 26 5
D 70 1235 2 30 56 38 5
D 72 1229 2 23 24 25 28
D 71 1227 2 18 72 26 28
D 67 1231 2 68 70 71 5
D 75 1229 2 25 24 23 5
D 74 1227 2 18 75 26 5
D 77 1229 2 25 42 23 28
D 76 1227 2 18 77 26 28
D 73 1231 2 74 70 76 5
D 66 1207 3 12 67 43 73 49 5
D 81 1225 2 19 27 21 5
D 82 1225 2 19 20 21 28
D 80 1227 2 81 22 82 5
D 83 1227 2 81 41 82 28
D 79 1231 2 80 70 83 5
D 86 1225 2 21 20 19 5
D 87 1225 2 21 27 19 28
D 85 1227 2 86 22 87 5
D 88 1227 2 86 41 87 28
D 84 1231 2 85 70 88 5
D 78 1207 3 12 79 43 84 49 5
D 65 767 3 7 66 50 78 62 5
D 89 741 2 2 64 4 3
D 0 743 3 1 6 63 65 89 5
