c ids of sdd nodes start at 0
c sdd nodes appear bottom-up, children before parents
c
c file syntax:
c sdd count-of-sdd-nodes
c F id-of-false-sdd-node
c T id-of-true-sdd-node
c L id-of-literal-sdd-node id-of-vtree literal
c D id-of-decomposition-sdd-node id-of-vtree number-of-elements {id-of-prime id-of-sub}*
c
sdd 90
L 2 124 -795
L 3 126 796
L 4 124 795
F 5
D 1 125 2 2 3 4 5
L 8 148 -405
L 9 150 406
L 10 148 405
D 7 149 2 8 9 10 5
L 13 1132 -793
L 14 1134 794
L 15 1132 793
D 12 1133 2 13 14 15 5
L 19 1136 -3819
L 20 1138 -3820
L 21 1136 3819
D 18 1137 2 19 20 21 5
L 23 1140 -3821
L 24 1142 -3822
L 25 1140 3821
D 22 1141 2 23 24 25 5
L 27 1138 3820
T 28
D 26 1137 2 19 27 21 28
D 17 1139 2 18 22 26 5
L 31 1144 -3823
L 32 1146 -3824
L 33 1144 3823
D 30 1145 2 31 32 33 5
L 35 1148 -3825
L 36 1150 3826
L 37 1148 3825
D 34 1149 2 35 36 37 5
L 39 1146 3824
D 38 1145 2 31 39 33 28
D 29 1147 2 30 34 38 5
L 42 1142 3822
D 41 1141 2 23 42 25 28
D 40 1139 2 18 41 26 28
D 16 1143 2 17 29 40 5
L 44 1134 -794
D 43 1133 2 15 44 13 5
D 47 1141 2 23 42 25 5
D 46 1139 2 18 47 26 5
L 50 1150 -3826
D 49 1149 2 35 50 37 5
D 48 1147 2 30 49 38 5
D 52 1141 2 23 24 25 28
D 51 1139 2 18 52 26 28
D 45 1143 2 46 48 51 5
D 53 1133 2 13 44 15 14
D 11 1135 3 12 16 43 45 53 5
L 55 150 -406
D 54 149 2 10 55 8 5
D 59 1145 2 31 39 33 5
D 60 1145 2 31 32 33 28
D 58 1147 2 59 49 60 5
D 57 1143 2 17 58 40 5
D 63 1137 2 19 27 21 5
D 64 1137 2 19 20 21 28
D 62 1139 2 63 22 64 5
D 65 1139 2 63 41 64 28
D 61 1143 2 62 48 65 5
D 56 1135 3 12 57 43 61 53 5
D 66 149 2 8 55 10 9
D 6 151 3 7 11 54 56 66 5
L 68 126 -796
D 67 125 2 4 68 2 5
D 73 1149 2 37 50 35 5
D 72 1147 2 30 73 38 5
D 71 1143 2 17 72 40 5
D 76 1141 2 25 24 23 5
D 75 1139 2 18 76 26 5
D 78 1141 2 25 42 23 28
D 77 1139 2 18 78 26 28
D 74 1143 2 75 48 77 5
D 70 1135 3 12 71 43 74 53 5
D 82 1145 2 33 32 31 5
D 83 1145 2 33 39 31 28
D 81 1147 2 82 49 83 5
D 80 1143 2 17 81 40 5
D 86 1137 2 21 20 19 5
D 87 1137 2 21 27 19 28
D 85 1139 2 86 22 87 5
D 88 1139 2 86 41 87 28
D 84 1143 2 85 48 88 5
D 79 1135 3 12 80 43 84 53 5
D 69 151 3 7 70 54 79 66 5
D 89 125 2 2 68 4 3
D 0 127 3 1 6 67 69 89 5
