c ids of sdd nodes start at 0
c sdd nodes appear bottom-up, children before parents
c
c file syntax:
c sdd count-of-sdd-nodes
c F id-of-false-sdd-node
c T id-of-true-sdd-node
c L id-of-literal-sdd-node id-of-vtree literal
c D id-of-decomposition-sdd-node id-of-vtree number-of-elements {id-of-prime id-of-sub}*
c
sdd 90
L 2 12 -751
L 3 14 752
L 4 12 751
F 5
D 1 13 2 2 3 4 5
L 8 84 -79
L 9 86 80
L 10 84 79
D 7 85 2 8 9 10 5
L 13 3760 -77
L 14 3762 78
L 15 3760 77
D 12 3761 2 13 14 15 5
L 19 3780 -1109
L 20 3782 -1110
L 21 3780 1109
D 18 3781 2 19 20 21 5
L 23 3784 -1111
L 24 3786 -1112
L 25 3784 1111
D 22 3785 2 23 24 25 5
L 27 3782 1110
T 28
D 26 3781 2 19 27 21 28
D 17 3783 2 18 22 26 5
L 31 3788 -1113
L 32 3790 -1114
L 33 3788 1113
D 30 3789 2 31 32 33 5
L 35 3792 -1115
L 36 3794 1116
L 37 3792 1115
D 34 3793 2 35 36 37 5
L 39 3790 1114
D 38 3789 2 31 39 33 28
D 29 3791 2 30 34 38 5
L 42 3786 1112
D 41 3785 2 23 42 25 28
D 40 3783 2 18 41 26 28
D 16 3787 2 17 29 40 5
L 44 3762 -78
D 43 3761 2 15 44 13 5
D 47 3785 2 23 42 25 5
D 46 3783 2 18 47 26 5
L 50 3794 -1116
D 49 3793 2 35 50 37 5
D 48 3791 2 30 49 38 5
D 52 3785 2 23 24 25 28
D 51 3783 2 18 52 26 28
D 45 3787 2 46 48 51 5
D 53 3761 2 13 44 15 14
D 11 3763 3 12 16 43 45 53 5
L 55 86 -80
D 54 85 2 10 55 8 5
D 59 3793 2 37 50 35 5
D 58 3791 2 30 59 38 5
D 57 3787 2 17 58 40 5
D 62 3785 2 25 24 23 5
D 61 3783 2 18 62 26 5
D 64 3785 2 25 42 23 28
D 63 3783 2 18 64 26 28
D 60 3787 2 61 48 63 5
D 56 3763 3 12 57 43 60 53 5
D 65 85 2 8 55 10 9
D 6 87 3 7 11 54 56 65 5
L 67 14 -752
D 66 13 2 4 67 2 5
D 72 3789 2 31 39 33 5
D 73 3789 2 31 32 33 28
D 71 3791 2 72 49 73 5
D 70 3787 2 17 71 40 5
D 76 3781 2 19 27 21 5
D 77 3781 2 19 20 21 28
D 75 3783 2 76 22 77 5
D 78 3783 2 76 41 77 28
D 74 3787 2 75 48 78 5
D 69 3763 3 12 70 43 74 53 5
D 82 3789 2 33 32 31 5
D 83 3789 2 33 39 31 28
D 81 3791 2 82 49 83 5
D 80 3787 2 17 81 40 5
D 86 3781 2 21 20 19 5
D 87 3781 2 21 27 19 28
D 85 3783 2 86 22 87 5
D 88 3783 2 86 41 87 28
D 84 3787 2 85 48 88 5
D 79 3763 3 12 80 43 84 53 5
D 68 87 3 7 69 54 79 65 5
D 89 13 2 2 67 4 3
D 0 15 3 1 6 66 68 89 5
