c ids of sdd nodes start at 0
c sdd nodes appear bottom-up, children before parents
c
c file syntax:
c sdd count-of-sdd-nodes
c F id-of-false-sdd-node
c T id-of-true-sdd-node
c L id-of-literal-sdd-node id-of-vtree literal
c D id-of-decomposition-sdd-node id-of-vtree number-of-elements {id-of-prime id-of-sub}*
c
sdd 90
L 2 1940 -81
L 3 1942 82
L 4 1940 81
F 5
D 1 1941 2 2 3 4 5
L 8 2100 -537
L 9 2102 538
L 10 2100 537
D 7 2101 2 8 9 10 5
L 13 2104 -99
L 14 2106 100
L 15 2104 99
D 12 2105 2 13 14 15 5
L 19 2108 -1117
L 20 2110 -1118
L 21 2108 1117
D 18 2109 2 19 20 21 5
L 23 2112 -1119
L 24 2114 -1120
L 25 2112 1119
D 22 2113 2 23 24 25 5
L 27 2110 1118
T 28
D 26 2109 2 19 27 21 28
D 17 2111 2 18 22 26 5
L 31 2116 -1121
L 32 2118 -1122
L 33 2116 1121
D 30 2117 2 31 32 33 5
L 35 2120 -1123
L 36 2122 1124
L 37 2120 1123
D 34 2121 2 35 36 37 5
L 39 2118 1122
D 38 2117 2 31 39 33 28
D 29 2119 2 30 34 38 5
L 42 2114 1120
D 41 2113 2 23 42 25 28
D 40 2111 2 18 41 26 28
D 16 2115 2 17 29 40 5
L 44 2106 -100
D 43 2105 2 15 44 13 5
D 47 2113 2 23 42 25 5
D 46 2111 2 18 47 26 5
L 50 2122 -1124
D 49 2121 2 35 50 37 5
D 48 2119 2 30 49 38 5
D 52 2113 2 23 24 25 28
D 51 2111 2 18 52 26 28
D 45 2115 2 46 48 51 5
D 53 2105 2 13 44 15 14
D 11 2107 3 12 16 43 45 53 5
L 55 2102 -538
D 54 2101 2 10 55 8 5
D 59 2117 2 31 39 33 5
D 60 2117 2 31 32 33 28
D 58 2119 2 59 49 60 5
D 57 2115 2 17 58 40 5
D 63 2109 2 19 27 21 5
D 64 2109 2 19 20 21 28
D 62 2111 2 63 22 64 5
D 65 2111 2 63 41 64 28
D 61 2115 2 62 48 65 5
D 56 2107 3 12 57 43 61 53 5
D 66 2101 2 8 55 10 9
D 6 2103 3 7 11 54 56 66 5
L 68 1942 -82
D 67 1941 2 4 68 2 5
D 73 2121 2 37 50 35 5
D 72 2119 2 30 73 38 5
D 71 2115 2 17 72 40 5
D 76 2113 2 25 24 23 5
D 75 2111 2 18 76 26 5
D 78 2113 2 25 42 23 28
D 77 2111 2 18 78 26 28
D 74 2115 2 75 48 77 5
D 70 2107 3 12 71 43 74 53 5
D 82 2117 2 33 32 31 5
D 83 2117 2 33 39 31 28
D 81 2119 2 82 49 83 5
D 80 2115 2 17 81 40 5
D 86 2109 2 21 20 19 5
D 87 2109 2 21 27 19 28
D 85 2111 2 86 22 87 5
D 88 2111 2 86 41 87 28
D 84 2115 2 85 48 88 5
D 79 2107 3 12 80 43 84 53 5
D 69 2103 3 7 70 54 79 66 5
D 89 1941 2 2 68 4 3
D 0 1943 3 1 6 67 69 89 5
