c ids of sdd nodes start at 0
c sdd nodes appear bottom-up, children before parents
c
c file syntax:
c sdd count-of-sdd-nodes
c F id-of-false-sdd-node
c T id-of-true-sdd-node
c L id-of-literal-sdd-node id-of-vtree literal
c D id-of-decomposition-sdd-node id-of-vtree number-of-elements {id-of-prime id-of-sub}*
c
sdd 90
L 2 1936 -83
L 3 1938 84
L 4 1936 83
F 5
D 1 1937 2 2 3 4 5
L 8 1940 -81
L 9 1942 82
L 10 1940 81
D 7 1941 2 8 9 10 5
L 13 2192 -535
L 14 2194 536
L 15 2192 535
D 12 2193 2 13 14 15 5
L 19 2196 -1125
L 20 2198 -1126
L 21 2196 1125
D 18 2197 2 19 20 21 5
L 23 2200 -1127
L 24 2202 -1128
L 25 2200 1127
D 22 2201 2 23 24 25 5
L 27 2198 1126
T 28
D 26 2197 2 19 27 21 28
D 17 2199 2 18 22 26 5
L 31 2204 -1129
L 32 2206 -1130
L 33 2204 1129
D 30 2205 2 31 32 33 5
L 35 2208 -1131
L 36 2210 1132
L 37 2208 1131
D 34 2209 2 35 36 37 5
L 39 2206 1130
D 38 2205 2 31 39 33 28
D 29 2207 2 30 34 38 5
L 42 2202 1128
D 41 2201 2 23 42 25 28
D 40 2199 2 18 41 26 28
D 16 2203 2 17 29 40 5
L 44 2194 -536
D 43 2193 2 15 44 13 5
D 47 2205 2 31 39 33 5
L 49 2210 -1132
D 48 2209 2 35 49 37 5
D 50 2205 2 31 32 33 28
D 46 2207 2 47 48 50 5
D 45 2203 2 17 46 40 5
D 51 2193 2 13 44 15 14
D 11 2195 3 12 16 43 45 51 5
L 53 1942 -82
D 52 1941 2 10 53 8 5
D 57 2201 2 23 42 25 5
D 56 2199 2 18 57 26 5
D 58 2207 2 30 48 38 5
D 60 2201 2 23 24 25 28
D 59 2199 2 18 60 26 28
D 55 2203 2 56 58 59 5
D 63 2197 2 19 27 21 5
D 64 2197 2 19 20 21 28
D 62 2199 2 63 22 64 5
D 65 2199 2 63 41 64 28
D 61 2203 2 62 58 65 5
D 54 2195 3 12 55 43 61 51 5
D 66 1941 2 8 53 10 9
D 6 1943 3 7 11 52 54 66 5
L 68 1938 -84
D 67 1937 2 4 68 2 5
D 73 2209 2 37 49 35 5
D 72 2207 2 30 73 38 5
D 71 2203 2 17 72 40 5
D 76 2205 2 33 32 31 5
D 77 2205 2 33 39 31 28
D 75 2207 2 76 48 77 5
D 74 2203 2 17 75 40 5
D 70 2195 3 12 71 43 74 51 5
D 81 2201 2 25 24 23 5
D 80 2199 2 18 81 26 5
D 83 2201 2 25 42 23 28
D 82 2199 2 18 83 26 28
D 79 2203 2 80 58 82 5
D 86 2197 2 21 20 19 5
D 87 2197 2 21 27 19 28
D 85 2199 2 86 22 87 5
D 88 2199 2 86 41 87 28
D 84 2203 2 85 58 88 5
D 78 2195 3 12 79 43 84 51 5
D 69 1943 3 7 70 52 78 66 5
D 89 1937 2 2 68 4 3
D 0 1939 3 1 6 67 69 89 5
