c ids of sdd nodes start at 0
c sdd nodes appear bottom-up, children before parents
c
c file syntax:
c sdd count-of-sdd-nodes
c F id-of-false-sdd-node
c T id-of-true-sdd-node
c L id-of-literal-sdd-node id-of-vtree literal
c D id-of-decomposition-sdd-node id-of-vtree number-of-elements {id-of-prime id-of-sub}*
c
sdd 90
L 2 20 -87
L 3 22 88
L 4 20 87
F 5
D 1 21 2 2 3 4 5
L 8 3332 -85
L 9 3334 86
L 10 3332 85
D 7 3333 2 8 9 10 5
L 13 4252 -523
L 14 4254 524
L 15 4252 523
D 12 4253 2 13 14 15 5
L 19 4256 -1141
L 20 4258 -1142
L 21 4256 1141
D 18 4257 2 19 20 21 5
L 23 4260 -1143
L 24 4262 -1144
L 25 4260 1143
D 22 4261 2 23 24 25 5
L 27 4258 1142
T 28
D 26 4257 2 19 27 21 28
D 17 4259 2 18 22 26 5
L 31 4264 -1145
L 32 4266 -1146
L 33 4264 1145
D 30 4265 2 31 32 33 5
L 35 4268 -1147
L 36 4270 1148
L 37 4268 1147
D 34 4269 2 35 36 37 5
L 39 4266 1146
D 38 4265 2 31 39 33 28
D 29 4267 2 30 34 38 5
L 42 4262 1144
D 41 4261 2 23 42 25 28
D 40 4259 2 18 41 26 28
D 16 4263 2 17 29 40 5
L 44 4254 -524
D 43 4253 2 15 44 13 5
D 47 4265 2 31 39 33 5
L 49 4270 -1148
D 48 4269 2 35 49 37 5
D 50 4265 2 31 32 33 28
D 46 4267 2 47 48 50 5
D 45 4263 2 17 46 40 5
D 51 4253 2 13 44 15 14
D 11 4255 3 12 16 43 45 51 5
L 53 3334 -86
D 52 3333 2 10 53 8 5
D 57 4261 2 23 42 25 5
D 56 4259 2 18 57 26 5
D 58 4267 2 30 48 38 5
D 60 4261 2 23 24 25 28
D 59 4259 2 18 60 26 28
D 55 4263 2 56 58 59 5
D 63 4257 2 19 27 21 5
D 64 4257 2 19 20 21 28
D 62 4259 2 63 22 64 5
D 65 4259 2 63 41 64 28
D 61 4263 2 62 58 65 5
D 54 4255 3 12 55 43 61 51 5
D 66 3333 2 8 53 10 9
D 6 3335 3 7 11 52 54 66 5
L 68 22 -88
D 67 21 2 4 68 2 5
D 73 4269 2 37 49 35 5
D 72 4267 2 30 73 38 5
D 71 4263 2 17 72 40 5
D 76 4265 2 33 32 31 5
D 77 4265 2 33 39 31 28
D 75 4267 2 76 48 77 5
D 74 4263 2 17 75 40 5
D 70 4255 3 12 71 43 74 51 5
D 81 4261 2 25 24 23 5
D 80 4259 2 18 81 26 5
D 83 4261 2 25 42 23 28
D 82 4259 2 18 83 26 28
D 79 4263 2 80 58 82 5
D 86 4257 2 21 20 19 5
D 87 4257 2 21 27 19 28
D 85 4259 2 86 22 87 5
D 88 4259 2 86 41 87 28
D 84 4263 2 85 58 88 5
D 78 4255 3 12 79 43 84 51 5
D 69 3335 3 7 70 52 78 66 5
D 89 21 2 2 68 4 3
D 0 23 3 1 6 67 69 89 5
