c ids of sdd nodes start at 0
c sdd nodes appear bottom-up, children before parents
c
c file syntax:
c sdd count-of-sdd-nodes
c F id-of-false-sdd-node
c T id-of-true-sdd-node
c L id-of-literal-sdd-node id-of-vtree literal
c D id-of-decomposition-sdd-node id-of-vtree number-of-elements {id-of-prime id-of-sub}*
c
sdd 90
L 2 8 -521
L 3 10 522
L 4 8 521
F 5
D 1 9 2 2 3 4 5
L 8 20 -87
L 9 22 88
L 10 20 87
D 7 21 2 8 9 10 5
L 13 1292 -89
L 14 1294 90
L 15 1292 89
D 12 1293 2 13 14 15 5
L 19 1296 -1149
L 20 1298 -1150
L 21 1296 1149
D 18 1297 2 19 20 21 5
L 23 1300 -1151
L 24 1302 -1152
L 25 1300 1151
D 22 1301 2 23 24 25 5
L 27 1298 1150
T 28
D 26 1297 2 19 27 21 28
D 17 1299 2 18 22 26 5
L 31 1304 -1153
L 32 1306 -1154
L 33 1304 1153
D 30 1305 2 31 32 33 5
L 35 1308 -1155
L 36 1310 1156
L 37 1308 1155
D 34 1309 2 35 36 37 5
L 39 1306 1154
D 38 1305 2 31 39 33 28
D 29 1307 2 30 34 38 5
L 42 1302 1152
D 41 1301 2 23 42 25 28
D 40 1299 2 18 41 26 28
D 16 1303 2 17 29 40 5
L 44 1294 -90
D 43 1293 2 15 44 13 5
L 48 1310 -1156
D 47 1309 2 37 48 35 5
D 46 1307 2 30 47 38 5
D 45 1303 2 17 46 40 5
D 49 1293 2 13 44 15 14
D 11 1295 3 12 16 43 45 49 5
L 51 22 -88
D 50 21 2 10 51 8 5
D 55 1301 2 23 42 25 5
D 54 1299 2 18 55 26 5
D 57 1309 2 35 48 37 5
D 56 1307 2 30 57 38 5
D 59 1301 2 23 24 25 28
D 58 1299 2 18 59 26 28
D 53 1303 2 54 56 58 5
D 62 1301 2 25 24 23 5
D 61 1299 2 18 62 26 5
D 64 1301 2 25 42 23 28
D 63 1299 2 18 64 26 28
D 60 1303 2 61 56 63 5
D 52 1295 3 12 53 43 60 49 5
D 65 21 2 8 51 10 9
D 6 23 3 7 11 50 52 65 5
L 67 10 -522
D 66 9 2 4 67 2 5
D 72 1305 2 31 39 33 5
D 73 1305 2 31 32 33 28
D 71 1307 2 72 57 73 5
D 70 1303 2 17 71 40 5
D 76 1305 2 33 32 31 5
D 77 1305 2 33 39 31 28
D 75 1307 2 76 57 77 5
D 74 1303 2 17 75 40 5
D 69 1295 3 12 70 43 74 49 5
D 81 1297 2 19 27 21 5
D 82 1297 2 19 20 21 28
D 80 1299 2 81 22 82 5
D 83 1299 2 81 41 82 28
D 79 1303 2 80 56 83 5
D 86 1297 2 21 20 19 5
D 87 1297 2 21 27 19 28
D 85 1299 2 86 22 87 5
D 88 1299 2 86 41 87 28
D 84 1303 2 85 56 88 5
D 78 1295 3 12 79 43 84 49 5
D 68 23 3 7 69 50 78 65 5
D 89 9 2 2 67 4 3
D 0 11 3 1 6 66 68 89 5
