c ids of sdd nodes start at 0
c sdd nodes appear bottom-up, children before parents
c
c file syntax:
c sdd count-of-sdd-nodes
c F id-of-false-sdd-node
c T id-of-true-sdd-node
c L id-of-literal-sdd-node id-of-vtree literal
c D id-of-decomposition-sdd-node id-of-vtree number-of-elements {id-of-prime id-of-sub}*
c
sdd 90
L 2 1320 -529
L 3 1322 530
L 4 1320 529
F 5
D 1 1321 2 2 3 4 5
L 8 1952 -97
L 9 1954 98
L 10 1952 97
D 7 1953 2 8 9 10 5
L 13 1976 -95
L 14 1978 96
L 15 1976 95
D 12 1977 2 13 14 15 5
L 19 1996 -1181
L 20 1998 -1182
L 21 1996 1181
D 18 1997 2 19 20 21 5
L 23 2000 -1183
L 24 2002 -1184
L 25 2000 1183
D 22 2001 2 23 24 25 5
L 27 1998 1182
T 28
D 26 1997 2 19 27 21 28
D 17 1999 2 18 22 26 5
L 31 2004 -1185
L 32 2006 -1186
L 33 2004 1185
D 30 2005 2 31 32 33 5
L 35 2008 -1187
L 36 2010 1188
L 37 2008 1187
D 34 2009 2 35 36 37 5
L 39 2006 1186
D 38 2005 2 31 39 33 28
D 29 2007 2 30 34 38 5
L 42 2002 1184
D 41 2001 2 23 42 25 28
D 40 1999 2 18 41 26 28
D 16 2003 2 17 29 40 5
L 44 1978 -96
D 43 1977 2 15 44 13 5
D 47 2001 2 23 42 25 5
D 46 1999 2 18 47 26 5
L 50 2010 -1188
D 49 2009 2 35 50 37 5
D 48 2007 2 30 49 38 5
D 52 2001 2 23 24 25 28
D 51 1999 2 18 52 26 28
D 45 2003 2 46 48 51 5
D 53 1977 2 13 44 15 14
D 11 1979 3 12 16 43 45 53 5
L 55 1954 -98
D 54 1953 2 10 55 8 5
D 59 2009 2 37 50 35 5
D 58 2007 2 30 59 38 5
D 57 2003 2 17 58 40 5
D 62 2001 2 25 24 23 5
D 61 1999 2 18 62 26 5
D 64 2001 2 25 42 23 28
D 63 1999 2 18 64 26 28
D 60 2003 2 61 48 63 5
D 56 1979 3 12 57 43 60 53 5
D 65 1953 2 8 55 10 9
D 6 1955 3 7 11 54 56 65 5
L 67 1322 -530
D 66 1321 2 4 67 2 5
D 72 2005 2 31 39 33 5
D 73 2005 2 31 32 33 28
D 71 2007 2 72 49 73 5
D 70 2003 2 17 71 40 5
D 76 1997 2 19 27 21 5
D 77 1997 2 19 20 21 28
D 75 1999 2 76 22 77 5
D 78 1999 2 76 41 77 28
D 74 2003 2 75 48 78 5
D 69 1979 3 12 70 43 74 53 5
D 82 2005 2 33 32 31 5
D 83 2005 2 33 39 31 28
D 81 2007 2 82 49 83 5
D 80 2003 2 17 81 40 5
D 86 1997 2 21 20 19 5
D 87 1997 2 21 27 19 28
D 85 1999 2 86 22 87 5
D 88 1999 2 86 41 87 28
D 84 2003 2 85 48 88 5
D 79 1979 3 12 80 43 84 53 5
D 68 1955 3 7 69 54 79 65 5
D 89 1321 2 2 67 4 3
D 0 1323 3 1 6 66 68 89 5
