c ids of sdd nodes start at 0
c sdd nodes appear bottom-up, children before parents
c
c file syntax:
c sdd count-of-sdd-nodes
c F id-of-false-sdd-node
c T id-of-true-sdd-node
c L id-of-literal-sdd-node id-of-vtree literal
c D id-of-decomposition-sdd-node id-of-vtree number-of-elements {id-of-prime id-of-sub}*
c
sdd 90
L 2 1952 -97
L 3 1954 98
L 4 1952 97
F 5
D 1 1953 2 2 3 4 5
L 8 2104 -99
L 9 2106 100
L 10 2104 99
D 7 2105 2 8 9 10 5
L 13 2140 -527
L 14 2142 528
L 15 2140 527
D 12 2141 2 13 14 15 5
L 19 2144 -1189
L 20 2146 -1190
L 21 2144 1189
D 18 2145 2 19 20 21 5
L 23 2148 -1191
L 24 2150 -1192
L 25 2148 1191
D 22 2149 2 23 24 25 5
L 27 2146 1190
T 28
D 26 2145 2 19 27 21 28
D 17 2147 2 18 22 26 5
L 31 2152 -1193
L 32 2154 -1194
L 33 2152 1193
D 30 2153 2 31 32 33 5
L 35 2156 -1195
L 36 2158 1196
L 37 2156 1195
D 34 2157 2 35 36 37 5
L 39 2154 1194
D 38 2153 2 31 39 33 28
D 29 2155 2 30 34 38 5
L 42 2150 1192
D 41 2149 2 23 42 25 28
D 40 2147 2 18 41 26 28
D 16 2151 2 17 29 40 5
L 44 2142 -528
D 43 2141 2 15 44 13 5
D 47 2153 2 31 39 33 5
L 49 2158 -1196
D 48 2157 2 35 49 37 5
D 50 2153 2 31 32 33 28
D 46 2155 2 47 48 50 5
D 45 2151 2 17 46 40 5
D 51 2141 2 13 44 15 14
D 11 2143 3 12 16 43 45 51 5
L 53 2106 -100
D 52 2105 2 10 53 8 5
D 57 2157 2 37 49 35 5
D 56 2155 2 30 57 38 5
D 55 2151 2 17 56 40 5
D 60 2153 2 33 32 31 5
D 61 2153 2 33 39 31 28
D 59 2155 2 60 48 61 5
D 58 2151 2 17 59 40 5
D 54 2143 3 12 55 43 58 51 5
D 62 2105 2 8 53 10 9
D 6 2107 3 7 11 52 54 62 5
L 64 1954 -98
D 63 1953 2 4 64 2 5
D 69 2149 2 23 42 25 5
D 68 2147 2 18 69 26 5
D 70 2155 2 30 48 38 5
D 72 2149 2 23 24 25 28
D 71 2147 2 18 72 26 28
D 67 2151 2 68 70 71 5
D 75 2145 2 19 27 21 5
D 76 2145 2 19 20 21 28
D 74 2147 2 75 22 76 5
D 77 2147 2 75 41 76 28
D 73 2151 2 74 70 77 5
D 66 2143 3 12 67 43 73 51 5
D 81 2149 2 25 24 23 5
D 80 2147 2 18 81 26 5
D 83 2149 2 25 42 23 28
D 82 2147 2 18 83 26 28
D 79 2151 2 80 70 82 5
D 86 2145 2 21 20 19 5
D 87 2145 2 21 27 19 28
D 85 2147 2 86 22 87 5
D 88 2147 2 86 41 87 28
D 84 2151 2 85 70 88 5
D 78 2143 3 12 79 43 84 51 5
D 65 2107 3 7 66 52 78 62 5
D 89 1953 2 2 64 4 3
D 0 1955 3 1 6 63 65 89 5
