c ids of sdd nodes start at 0
c sdd nodes appear bottom-up, children before parents
c
c file syntax:
c sdd count-of-sdd-nodes
c F id-of-false-sdd-node
c T id-of-true-sdd-node
c L id-of-literal-sdd-node id-of-vtree literal
c D id-of-decomposition-sdd-node id-of-vtree number-of-elements {id-of-prime id-of-sub}*
c
sdd 90
L 2 5980 -103
L 3 5982 104
L 4 5980 103
F 5
D 1 5981 2 2 3 4 5
L 8 5988 -101
L 9 5990 102
L 10 5988 101
D 7 5989 2 8 9 10 5
L 13 6028 -275
L 14 6030 276
L 15 6028 275
D 12 6029 2 13 14 15 5
L 19 6032 -1205
L 20 6034 -1206
L 21 6032 1205
D 18 6033 2 19 20 21 5
L 23 6036 -1207
L 24 6038 -1208
L 25 6036 1207
D 22 6037 2 23 24 25 5
L 27 6034 1206
T 28
D 26 6033 2 19 27 21 28
D 17 6035 2 18 22 26 5
L 31 6040 -1209
L 32 6042 -1210
L 33 6040 1209
D 30 6041 2 31 32 33 5
L 35 6044 -1211
L 36 6046 1212
L 37 6044 1211
D 34 6045 2 35 36 37 5
L 39 6042 1210
D 38 6041 2 31 39 33 28
D 29 6043 2 30 34 38 5
L 42 6038 1208
D 41 6037 2 23 42 25 28
D 40 6035 2 18 41 26 28
D 16 6039 2 17 29 40 5
L 44 6030 -276
D 43 6029 2 15 44 13 5
D 47 6041 2 31 39 33 5
L 49 6046 -1212
D 48 6045 2 35 49 37 5
D 50 6041 2 31 32 33 28
D 46 6043 2 47 48 50 5
D 45 6039 2 17 46 40 5
D 51 6029 2 13 44 15 14
D 11 6031 3 12 16 43 45 51 5
L 53 5990 -102
D 52 5989 2 10 53 8 5
D 57 6037 2 23 42 25 5
D 56 6035 2 18 57 26 5
D 58 6043 2 30 48 38 5
D 60 6037 2 23 24 25 28
D 59 6035 2 18 60 26 28
D 55 6039 2 56 58 59 5
D 63 6033 2 19 27 21 5
D 64 6033 2 19 20 21 28
D 62 6035 2 63 22 64 5
D 65 6035 2 63 41 64 28
D 61 6039 2 62 58 65 5
D 54 6031 3 12 55 43 61 51 5
D 66 5989 2 8 53 10 9
D 6 5991 3 7 11 52 54 66 5
L 68 5982 -104
D 67 5981 2 4 68 2 5
D 73 6045 2 37 49 35 5
D 72 6043 2 30 73 38 5
D 71 6039 2 17 72 40 5
D 76 6041 2 33 32 31 5
D 77 6041 2 33 39 31 28
D 75 6043 2 76 48 77 5
D 74 6039 2 17 75 40 5
D 70 6031 3 12 71 43 74 51 5
D 81 6037 2 25 24 23 5
D 80 6035 2 18 81 26 5
D 83 6037 2 25 42 23 28
D 82 6035 2 18 83 26 28
D 79 6039 2 80 58 82 5
D 86 6033 2 21 20 19 5
D 87 6033 2 21 27 19 28
D 85 6035 2 86 22 87 5
D 88 6035 2 86 41 87 28
D 84 6039 2 85 58 88 5
D 78 6031 3 12 79 43 84 51 5
D 69 5991 3 7 70 52 78 66 5
D 89 5981 2 2 68 4 3
D 0 5983 3 1 6 67 69 89 5
