c ids of sdd nodes start at 0
c sdd nodes appear bottom-up, children before parents
c
c file syntax:
c sdd count-of-sdd-nodes
c F id-of-false-sdd-node
c T id-of-true-sdd-node
c L id-of-literal-sdd-node id-of-vtree literal
c D id-of-decomposition-sdd-node id-of-vtree number-of-elements {id-of-prime id-of-sub}*
c
sdd 90
L 2 7348 -105
L 3 7350 106
L 4 7348 105
F 5
D 1 7349 2 2 3 4 5
L 8 7424 -263
L 9 7426 264
L 10 7424 263
D 7 7425 2 8 9 10 5
L 13 7444 -117
L 14 7446 118
L 15 7444 117
D 12 7445 2 13 14 15 5
L 19 7448 -1213
L 20 7450 -1214
L 21 7448 1213
D 18 7449 2 19 20 21 5
L 23 7452 -1215
L 24 7454 -1216
L 25 7452 1215
D 22 7453 2 23 24 25 5
L 27 7450 1214
T 28
D 26 7449 2 19 27 21 28
D 17 7451 2 18 22 26 5
L 31 7456 -1217
L 32 7458 -1218
L 33 7456 1217
D 30 7457 2 31 32 33 5
L 35 7460 -1219
L 36 7462 1220
L 37 7460 1219
D 34 7461 2 35 36 37 5
L 39 7458 1218
D 38 7457 2 31 39 33 28
D 29 7459 2 30 34 38 5
L 42 7454 1216
D 41 7453 2 23 42 25 28
D 40 7451 2 18 41 26 28
D 16 7455 2 17 29 40 5
L 44 7446 -118
D 43 7445 2 15 44 13 5
D 47 7453 2 23 42 25 5
D 46 7451 2 18 47 26 5
L 50 7462 -1220
D 49 7461 2 35 50 37 5
D 48 7459 2 30 49 38 5
D 52 7453 2 23 24 25 28
D 51 7451 2 18 52 26 28
D 45 7455 2 46 48 51 5
D 53 7445 2 13 44 15 14
D 11 7447 3 12 16 43 45 53 5
L 55 7426 -264
D 54 7425 2 10 55 8 5
D 59 7457 2 31 39 33 5
D 60 7457 2 31 32 33 28
D 58 7459 2 59 49 60 5
D 57 7455 2 17 58 40 5
D 63 7449 2 19 27 21 5
D 64 7449 2 19 20 21 28
D 62 7451 2 63 22 64 5
D 65 7451 2 63 41 64 28
D 61 7455 2 62 48 65 5
D 56 7447 3 12 57 43 61 53 5
D 66 7425 2 8 55 10 9
D 6 7427 3 7 11 54 56 66 5
L 68 7350 -106
D 67 7349 2 4 68 2 5
D 73 7461 2 37 50 35 5
D 72 7459 2 30 73 38 5
D 71 7455 2 17 72 40 5
D 76 7453 2 25 24 23 5
D 75 7451 2 18 76 26 5
D 78 7453 2 25 42 23 28
D 77 7451 2 18 78 26 28
D 74 7455 2 75 48 77 5
D 70 7447 3 12 71 43 74 53 5
D 82 7457 2 33 32 31 5
D 83 7457 2 33 39 31 28
D 81 7459 2 82 49 83 5
D 80 7455 2 17 81 40 5
D 86 7449 2 21 20 19 5
D 87 7449 2 21 27 19 28
D 85 7451 2 86 22 87 5
D 88 7451 2 86 41 87 28
D 84 7455 2 85 48 88 5
D 79 7447 3 12 80 43 84 53 5
D 69 7427 3 7 70 54 79 66 5
D 89 7349 2 2 68 4 3
D 0 7351 3 1 6 67 69 89 5
