c ids of sdd nodes start at 0
c sdd nodes appear bottom-up, children before parents
c
c file syntax:
c sdd count-of-sdd-nodes
c F id-of-false-sdd-node
c T id-of-true-sdd-node
c L id-of-literal-sdd-node id-of-vtree literal
c D id-of-decomposition-sdd-node id-of-vtree number-of-elements {id-of-prime id-of-sub}*
c
sdd 90
L 2 7248 -107
L 3 7250 108
L 4 7248 107
F 5
D 1 7249 2 2 3 4 5
L 8 7268 -261
L 9 7270 262
L 10 7268 261
D 7 7269 2 8 9 10 5
L 13 7348 -105
L 14 7350 106
L 15 7348 105
D 12 7349 2 13 14 15 5
L 19 7352 -1221
L 20 7354 -1222
L 21 7352 1221
D 18 7353 2 19 20 21 5
L 23 7356 -1223
L 24 7358 -1224
L 25 7356 1223
D 22 7357 2 23 24 25 5
L 27 7354 1222
T 28
D 26 7353 2 19 27 21 28
D 17 7355 2 18 22 26 5
L 31 7360 -1225
L 32 7362 -1226
L 33 7360 1225
D 30 7361 2 31 32 33 5
L 35 7364 -1227
L 36 7366 1228
L 37 7364 1227
D 34 7365 2 35 36 37 5
L 39 7362 1226
D 38 7361 2 31 39 33 28
D 29 7363 2 30 34 38 5
L 42 7358 1224
D 41 7357 2 23 42 25 28
D 40 7355 2 18 41 26 28
D 16 7359 2 17 29 40 5
L 44 7350 -106
D 43 7349 2 15 44 13 5
D 47 7357 2 23 42 25 5
D 46 7355 2 18 47 26 5
L 50 7366 -1228
D 49 7365 2 35 50 37 5
D 48 7363 2 30 49 38 5
D 52 7357 2 23 24 25 28
D 51 7355 2 18 52 26 28
D 45 7359 2 46 48 51 5
D 53 7349 2 13 44 15 14
D 11 7351 3 12 16 43 45 53 5
L 55 7270 -262
D 54 7269 2 10 55 8 5
D 59 7361 2 31 39 33 5
D 60 7361 2 31 32 33 28
D 58 7363 2 59 49 60 5
D 57 7359 2 17 58 40 5
D 63 7353 2 19 27 21 5
D 64 7353 2 19 20 21 28
D 62 7355 2 63 22 64 5
D 65 7355 2 63 41 64 28
D 61 7359 2 62 48 65 5
D 56 7351 3 12 57 43 61 53 5
D 66 7269 2 8 55 10 9
D 6 7271 3 7 11 54 56 66 5
L 68 7250 -108
D 67 7249 2 4 68 2 5
D 73 7365 2 37 50 35 5
D 72 7363 2 30 73 38 5
D 71 7359 2 17 72 40 5
D 76 7357 2 25 24 23 5
D 75 7355 2 18 76 26 5
D 78 7357 2 25 42 23 28
D 77 7355 2 18 78 26 28
D 74 7359 2 75 48 77 5
D 70 7351 3 12 71 43 74 53 5
D 82 7361 2 33 32 31 5
D 83 7361 2 33 39 31 28
D 81 7363 2 82 49 83 5
D 80 7359 2 17 81 40 5
D 86 7353 2 21 20 19 5
D 87 7353 2 21 27 19 28
D 85 7355 2 86 22 87 5
D 88 7355 2 86 41 87 28
D 84 7359 2 85 48 88 5
D 79 7351 3 12 80 43 84 53 5
D 69 7271 3 7 70 54 79 66 5
D 89 7249 2 2 68 4 3
D 0 7251 3 1 6 67 69 89 5
