c ids of sdd nodes start at 0
c sdd nodes appear bottom-up, children before parents
c
c file syntax:
c sdd count-of-sdd-nodes
c F id-of-false-sdd-node
c T id-of-true-sdd-node
c L id-of-literal-sdd-node id-of-vtree literal
c D id-of-decomposition-sdd-node id-of-vtree number-of-elements {id-of-prime id-of-sub}*
c
sdd 90
L 2 6972 -109
L 3 6974 110
L 4 6972 109
F 5
D 1 6973 2 2 3 4 5
L 8 7248 -107
L 9 7250 108
L 10 7248 107
D 7 7249 2 8 9 10 5
L 13 7276 -267
L 14 7278 268
L 15 7276 267
D 12 7277 2 13 14 15 5
L 19 7280 -1229
L 20 7282 -1230
L 21 7280 1229
D 18 7281 2 19 20 21 5
L 23 7284 -1231
L 24 7286 -1232
L 25 7284 1231
D 22 7285 2 23 24 25 5
L 27 7282 1230
T 28
D 26 7281 2 19 27 21 28
D 17 7283 2 18 22 26 5
L 31 7288 -1233
L 32 7290 -1234
L 33 7288 1233
D 30 7289 2 31 32 33 5
L 35 7292 -1235
L 36 7294 1236
L 37 7292 1235
D 34 7293 2 35 36 37 5
L 39 7290 1234
D 38 7289 2 31 39 33 28
D 29 7291 2 30 34 38 5
L 42 7286 1232
D 41 7285 2 23 42 25 28
D 40 7283 2 18 41 26 28
D 16 7287 2 17 29 40 5
L 44 7278 -268
D 43 7277 2 15 44 13 5
D 47 7289 2 31 39 33 5
L 49 7294 -1236
D 48 7293 2 35 49 37 5
D 50 7289 2 31 32 33 28
D 46 7291 2 47 48 50 5
D 45 7287 2 17 46 40 5
D 51 7277 2 13 44 15 14
D 11 7279 3 12 16 43 45 51 5
L 53 7250 -108
D 52 7249 2 10 53 8 5
D 57 7285 2 23 42 25 5
D 56 7283 2 18 57 26 5
D 58 7291 2 30 48 38 5
D 60 7285 2 23 24 25 28
D 59 7283 2 18 60 26 28
D 55 7287 2 56 58 59 5
D 63 7281 2 19 27 21 5
D 64 7281 2 19 20 21 28
D 62 7283 2 63 22 64 5
D 65 7283 2 63 41 64 28
D 61 7287 2 62 58 65 5
D 54 7279 3 12 55 43 61 51 5
D 66 7249 2 8 53 10 9
D 6 7251 3 7 11 52 54 66 5
L 68 6974 -110
D 67 6973 2 4 68 2 5
D 73 7293 2 37 49 35 5
D 72 7291 2 30 73 38 5
D 71 7287 2 17 72 40 5
D 76 7289 2 33 32 31 5
D 77 7289 2 33 39 31 28
D 75 7291 2 76 48 77 5
D 74 7287 2 17 75 40 5
D 70 7279 3 12 71 43 74 51 5
D 81 7285 2 25 24 23 5
D 80 7283 2 18 81 26 5
D 83 7285 2 25 42 23 28
D 82 7283 2 18 83 26 28
D 79 7287 2 80 58 82 5
D 86 7281 2 21 20 19 5
D 87 7281 2 21 27 19 28
D 85 7283 2 86 22 87 5
D 88 7283 2 86 41 87 28
D 84 7287 2 85 58 88 5
D 78 7279 3 12 79 43 84 51 5
D 69 7251 3 7 70 52 78 66 5
D 89 6973 2 2 68 4 3
D 0 6975 3 1 6 67 69 89 5
