c ids of sdd nodes start at 0
c sdd nodes appear bottom-up, children before parents
c
c file syntax:
c sdd count-of-sdd-nodes
c F id-of-false-sdd-node
c T id-of-true-sdd-node
c L id-of-literal-sdd-node id-of-vtree literal
c D id-of-decomposition-sdd-node id-of-vtree number-of-elements {id-of-prime id-of-sub}*
c
sdd 90
L 2 5992 -265
L 3 5994 266
L 4 5992 265
F 5
D 1 5993 2 2 3 4 5
L 8 6004 -111
L 9 6006 112
L 10 6004 111
D 7 6005 2 8 9 10 5
L 13 6972 -109
L 14 6974 110
L 15 6972 109
D 12 6973 2 13 14 15 5
L 19 6976 -1237
L 20 6978 -1238
L 21 6976 1237
D 18 6977 2 19 20 21 5
L 23 6980 -1239
L 24 6982 -1240
L 25 6980 1239
D 22 6981 2 23 24 25 5
L 27 6978 1238
T 28
D 26 6977 2 19 27 21 28
D 17 6979 2 18 22 26 5
L 31 6984 -1241
L 32 6986 -1242
L 33 6984 1241
D 30 6985 2 31 32 33 5
L 35 6988 -1243
L 36 6990 1244
L 37 6988 1243
D 34 6989 2 35 36 37 5
L 39 6986 1242
D 38 6985 2 31 39 33 28
D 29 6987 2 30 34 38 5
L 42 6982 1240
D 41 6981 2 23 42 25 28
D 40 6979 2 18 41 26 28
D 16 6983 2 17 29 40 5
L 44 6974 -110
D 43 6973 2 15 44 13 5
D 47 6981 2 23 42 25 5
D 46 6979 2 18 47 26 5
L 50 6990 -1244
D 49 6989 2 35 50 37 5
D 48 6987 2 30 49 38 5
D 52 6981 2 23 24 25 28
D 51 6979 2 18 52 26 28
D 45 6983 2 46 48 51 5
D 53 6973 2 13 44 15 14
D 11 6975 3 12 16 43 45 53 5
L 55 6006 -112
D 54 6005 2 10 55 8 5
D 59 6989 2 37 50 35 5
D 58 6987 2 30 59 38 5
D 57 6983 2 17 58 40 5
D 62 6981 2 25 24 23 5
D 61 6979 2 18 62 26 5
D 64 6981 2 25 42 23 28
D 63 6979 2 18 64 26 28
D 60 6983 2 61 48 63 5
D 56 6975 3 12 57 43 60 53 5
D 65 6005 2 8 55 10 9
D 6 6007 3 7 11 54 56 65 5
L 67 5994 -266
D 66 5993 2 4 67 2 5
D 72 6985 2 31 39 33 5
D 73 6985 2 31 32 33 28
D 71 6987 2 72 49 73 5
D 70 6983 2 17 71 40 5
D 76 6977 2 19 27 21 5
D 77 6977 2 19 20 21 28
D 75 6979 2 76 22 77 5
D 78 6979 2 76 41 77 28
D 74 6983 2 75 48 78 5
D 69 6975 3 12 70 43 74 53 5
D 82 6985 2 33 32 31 5
D 83 6985 2 33 39 31 28
D 81 6987 2 82 49 83 5
D 80 6983 2 17 81 40 5
D 86 6977 2 21 20 19 5
D 87 6977 2 21 27 19 28
D 85 6979 2 86 22 87 5
D 88 6979 2 86 41 87 28
D 84 6983 2 85 48 88 5
D 79 6975 3 12 80 43 84 53 5
D 68 6007 3 7 69 54 79 65 5
D 89 5993 2 2 67 4 3
D 0 5995 3 1 6 66 68 89 5
