c ids of sdd nodes start at 0
c sdd nodes appear bottom-up, children before parents
c
c file syntax:
c sdd count-of-sdd-nodes
c F id-of-false-sdd-node
c T id-of-true-sdd-node
c L id-of-literal-sdd-node id-of-vtree literal
c D id-of-decomposition-sdd-node id-of-vtree number-of-elements {id-of-prime id-of-sub}*
c
sdd 90
L 2 108 -61
L 3 110 62
L 4 108 61
F 5
D 1 109 2 2 3 4 5
L 8 2212 -43
L 9 2214 44
L 10 2212 43
D 7 2213 2 8 9 10 5
L 13 2248 -137
L 14 2250 138
L 15 2248 137
D 12 2249 2 13 14 15 5
L 19 2252 -1299
L 20 2254 -1300
L 21 2252 1299
D 18 2253 2 19 20 21 5
L 23 2256 -1301
L 24 2258 -1302
L 25 2256 1301
D 22 2257 2 23 24 25 5
L 27 2254 1300
T 28
D 26 2253 2 19 27 21 28
D 17 2255 2 18 22 26 5
L 31 2260 -1303
L 32 2262 -1304
L 33 2260 1303
D 30 2261 2 31 32 33 5
L 35 2264 -1305
L 36 2266 1306
L 37 2264 1305
D 34 2265 2 35 36 37 5
L 39 2262 1304
D 38 2261 2 31 39 33 28
D 29 2263 2 30 34 38 5
L 42 2258 1302
D 41 2257 2 23 42 25 28
D 40 2255 2 18 41 26 28
D 16 2259 2 17 29 40 5
L 44 2250 -138
D 43 2249 2 15 44 13 5
L 48 2266 -1306
D 47 2265 2 37 48 35 5
D 46 2263 2 30 47 38 5
D 45 2259 2 17 46 40 5
D 49 2249 2 13 44 15 14
D 11 2251 3 12 16 43 45 49 5
L 51 2214 -44
D 50 2213 2 10 51 8 5
D 55 2257 2 23 42 25 5
D 54 2255 2 18 55 26 5
D 57 2265 2 35 48 37 5
D 56 2263 2 30 57 38 5
D 59 2257 2 23 24 25 28
D 58 2255 2 18 59 26 28
D 53 2259 2 54 56 58 5
D 62 2257 2 25 24 23 5
D 61 2255 2 18 62 26 5
D 64 2257 2 25 42 23 28
D 63 2255 2 18 64 26 28
D 60 2259 2 61 56 63 5
D 52 2251 3 12 53 43 60 49 5
D 65 2213 2 8 51 10 9
D 6 2215 3 7 11 50 52 65 5
L 67 110 -62
D 66 109 2 4 67 2 5
D 72 2261 2 31 39 33 5
D 73 2261 2 31 32 33 28
D 71 2263 2 72 57 73 5
D 70 2259 2 17 71 40 5
D 76 2261 2 33 32 31 5
D 77 2261 2 33 39 31 28
D 75 2263 2 76 57 77 5
D 74 2259 2 17 75 40 5
D 69 2251 3 12 70 43 74 49 5
D 81 2253 2 19 27 21 5
D 82 2253 2 19 20 21 28
D 80 2255 2 81 22 82 5
D 83 2255 2 81 41 82 28
D 79 2259 2 80 56 83 5
D 86 2253 2 21 20 19 5
D 87 2253 2 21 27 19 28
D 85 2255 2 86 22 87 5
D 88 2255 2 86 41 87 28
D 84 2259 2 85 56 88 5
D 78 2251 3 12 79 43 84 49 5
D 68 2215 3 7 69 50 78 65 5
D 89 109 2 2 67 4 3
D 0 111 3 1 6 66 68 89 5
