c ids of sdd nodes start at 0
c sdd nodes appear bottom-up, children before parents
c
c file syntax:
c sdd count-of-sdd-nodes
c F id-of-false-sdd-node
c T id-of-true-sdd-node
c L id-of-literal-sdd-node id-of-vtree literal
c D id-of-decomposition-sdd-node id-of-vtree number-of-elements {id-of-prime id-of-sub}*
c
sdd 90
L 2 1664 -11
L 3 1666 12
L 4 1664 11
F 5
D 1 1665 2 2 3 4 5
L 8 1684 -13
L 9 1686 14
L 10 1684 13
D 7 1685 2 8 9 10 5
L 13 1800 -395
L 14 1802 396
L 15 1800 395
D 12 1801 2 13 14 15 5
L 19 1804 -849
L 20 1806 -850
L 21 1804 849
D 18 1805 2 19 20 21 5
L 23 1808 -851
L 24 1810 -852
L 25 1808 851
D 22 1809 2 23 24 25 5
L 27 1806 850
T 28
D 26 1805 2 19 27 21 28
D 17 1807 2 18 22 26 5
L 31 1812 -853
L 32 1814 -854
L 33 1812 853
D 30 1813 2 31 32 33 5
L 35 1816 -855
L 36 1818 856
L 37 1816 855
D 34 1817 2 35 36 37 5
L 39 1814 854
D 38 1813 2 31 39 33 28
D 29 1815 2 30 34 38 5
L 42 1810 852
D 41 1809 2 23 42 25 28
D 40 1807 2 18 41 26 28
D 16 1811 2 17 29 40 5
L 44 1802 -396
D 43 1801 2 15 44 13 5
D 47 1813 2 31 39 33 5
L 49 1818 -856
D 48 1817 2 35 49 37 5
D 50 1813 2 31 32 33 28
D 46 1815 2 47 48 50 5
D 45 1811 2 17 46 40 5
D 51 1801 2 13 44 15 14
D 11 1803 3 12 16 43 45 51 5
L 53 1686 -14
D 52 1685 2 10 53 8 5
D 57 1817 2 37 49 35 5
D 56 1815 2 30 57 38 5
D 55 1811 2 17 56 40 5
D 60 1813 2 33 32 31 5
D 61 1813 2 33 39 31 28
D 59 1815 2 60 48 61 5
D 58 1811 2 17 59 40 5
D 54 1803 3 12 55 43 58 51 5
D 62 1685 2 8 53 10 9
D 6 1687 3 7 11 52 54 62 5
L 64 1666 -12
D 63 1665 2 4 64 2 5
D 69 1809 2 23 42 25 5
D 68 1807 2 18 69 26 5
D 70 1815 2 30 48 38 5
D 72 1809 2 23 24 25 28
D 71 1807 2 18 72 26 28
D 67 1811 2 68 70 71 5
D 75 1805 2 19 27 21 5
D 76 1805 2 19 20 21 28
D 74 1807 2 75 22 76 5
D 77 1807 2 75 41 76 28
D 73 1811 2 74 70 77 5
D 66 1803 3 12 67 43 73 51 5
D 81 1809 2 25 24 23 5
D 80 1807 2 18 81 26 5
D 83 1809 2 25 42 23 28
D 82 1807 2 18 83 26 28
D 79 1811 2 80 70 82 5
D 86 1805 2 21 20 19 5
D 87 1805 2 21 27 19 28
D 85 1807 2 86 22 87 5
D 88 1807 2 86 41 87 28
D 84 1811 2 85 70 88 5
D 78 1803 3 12 79 43 84 51 5
D 65 1687 3 7 66 52 78 62 5
D 89 1665 2 2 64 4 3
D 0 1667 3 1 6 63 65 89 5
