c ids of sdd nodes start at 0
c sdd nodes appear bottom-up, children before parents
c
c file syntax:
c sdd count-of-sdd-nodes
c F id-of-false-sdd-node
c T id-of-true-sdd-node
c L id-of-literal-sdd-node id-of-vtree literal
c D id-of-decomposition-sdd-node id-of-vtree number-of-elements {id-of-prime id-of-sub}*
c
sdd 90
L 2 5784 -299
L 3 5786 300
L 4 5784 299
F 5
D 1 5785 2 2 3 4 5
L 8 5788 -139
L 9 5790 140
L 10 5788 139
D 7 5789 2 8 9 10 5
L 13 5804 -141
L 14 5806 142
L 15 5804 141
D 12 5805 2 13 14 15 5
L 19 5824 -1315
L 20 5826 -1316
L 21 5824 1315
D 18 5825 2 19 20 21 5
L 23 5828 -1317
L 24 5830 -1318
L 25 5828 1317
D 22 5829 2 23 24 25 5
L 27 5826 1316
T 28
D 26 5825 2 19 27 21 28
D 17 5827 2 18 22 26 5
L 31 5832 -1319
L 32 5834 -1320
L 33 5832 1319
D 30 5833 2 31 32 33 5
L 35 5836 -1321
L 36 5838 1322
L 37 5836 1321
D 34 5837 2 35 36 37 5
L 39 5834 1320
D 38 5833 2 31 39 33 28
D 29 5835 2 30 34 38 5
L 42 5830 1318
D 41 5829 2 23 42 25 28
D 40 5827 2 18 41 26 28
D 16 5831 2 17 29 40 5
L 44 5806 -142
D 43 5805 2 15 44 13 5
L 48 5838 -1322
D 47 5837 2 37 48 35 5
D 46 5835 2 30 47 38 5
D 45 5831 2 17 46 40 5
D 49 5805 2 13 44 15 14
D 11 5807 3 12 16 43 45 49 5
L 51 5790 -140
D 50 5789 2 10 51 8 5
D 55 5829 2 23 42 25 5
D 54 5827 2 18 55 26 5
D 57 5837 2 35 48 37 5
D 56 5835 2 30 57 38 5
D 59 5829 2 23 24 25 28
D 58 5827 2 18 59 26 28
D 53 5831 2 54 56 58 5
D 62 5829 2 25 24 23 5
D 61 5827 2 18 62 26 5
D 64 5829 2 25 42 23 28
D 63 5827 2 18 64 26 28
D 60 5831 2 61 56 63 5
D 52 5807 3 12 53 43 60 49 5
D 65 5789 2 8 51 10 9
D 6 5791 3 7 11 50 52 65 5
L 67 5786 -300
D 66 5785 2 4 67 2 5
D 72 5833 2 31 39 33 5
D 73 5833 2 31 32 33 28
D 71 5835 2 72 57 73 5
D 70 5831 2 17 71 40 5
D 76 5833 2 33 32 31 5
D 77 5833 2 33 39 31 28
D 75 5835 2 76 57 77 5
D 74 5831 2 17 75 40 5
D 69 5807 3 12 70 43 74 49 5
D 81 5825 2 19 27 21 5
D 82 5825 2 19 20 21 28
D 80 5827 2 81 22 82 5
D 83 5827 2 81 41 82 28
D 79 5831 2 80 56 83 5
D 86 5825 2 21 20 19 5
D 87 5825 2 21 27 19 28
D 85 5827 2 86 22 87 5
D 88 5827 2 86 41 87 28
D 84 5831 2 85 56 88 5
D 78 5807 3 12 79 43 84 49 5
D 68 5791 3 7 69 50 78 65 5
D 89 5785 2 2 67 4 3
D 0 5787 3 1 6 66 68 89 5
