c ids of sdd nodes start at 0
c sdd nodes appear bottom-up, children before parents
c
c file syntax:
c sdd count-of-sdd-nodes
c F id-of-false-sdd-node
c T id-of-true-sdd-node
c L id-of-literal-sdd-node id-of-vtree literal
c D id-of-decomposition-sdd-node id-of-vtree number-of-elements {id-of-prime id-of-sub}*
c
sdd 90
L 2 7060 -145
L 3 7062 146
L 4 7060 145
F 5
D 1 7061 2 2 3 4 5
L 8 7080 -289
L 9 7082 290
L 10 7080 289
D 7 7081 2 8 9 10 5
L 13 7100 -143
L 14 7102 144
L 15 7100 143
D 12 7101 2 13 14 15 5
L 19 7104 -1327
L 20 7106 -1328
L 21 7104 1327
D 18 7105 2 19 20 21 5
L 23 7108 -1329
L 24 7110 -1330
L 25 7108 1329
D 22 7109 2 23 24 25 5
L 27 7106 1328
T 28
D 26 7105 2 19 27 21 28
D 17 7107 2 18 22 26 5
L 31 7112 -1331
L 32 7114 -1332
L 33 7112 1331
D 30 7113 2 31 32 33 5
L 35 7116 -1333
L 36 7118 1334
L 37 7116 1333
D 34 7117 2 35 36 37 5
L 39 7114 1332
D 38 7113 2 31 39 33 28
D 29 7115 2 30 34 38 5
L 42 7110 1330
D 41 7109 2 23 42 25 28
D 40 7107 2 18 41 26 28
D 16 7111 2 17 29 40 5
L 44 7102 -144
D 43 7101 2 15 44 13 5
D 47 7109 2 23 42 25 5
D 46 7107 2 18 47 26 5
L 50 7118 -1334
D 49 7117 2 35 50 37 5
D 48 7115 2 30 49 38 5
D 52 7109 2 23 24 25 28
D 51 7107 2 18 52 26 28
D 45 7111 2 46 48 51 5
D 53 7101 2 13 44 15 14
D 11 7103 3 12 16 43 45 53 5
L 55 7082 -290
D 54 7081 2 10 55 8 5
D 59 7113 2 31 39 33 5
D 60 7113 2 31 32 33 28
D 58 7115 2 59 49 60 5
D 57 7111 2 17 58 40 5
D 63 7105 2 19 27 21 5
D 64 7105 2 19 20 21 28
D 62 7107 2 63 22 64 5
D 65 7107 2 63 41 64 28
D 61 7111 2 62 48 65 5
D 56 7103 3 12 57 43 61 53 5
D 66 7081 2 8 55 10 9
D 6 7083 3 7 11 54 56 66 5
L 68 7062 -146
D 67 7061 2 4 68 2 5
D 73 7117 2 37 50 35 5
D 72 7115 2 30 73 38 5
D 71 7111 2 17 72 40 5
D 76 7109 2 25 24 23 5
D 75 7107 2 18 76 26 5
D 78 7109 2 25 42 23 28
D 77 7107 2 18 78 26 28
D 74 7111 2 75 48 77 5
D 70 7103 3 12 71 43 74 53 5
D 82 7113 2 33 32 31 5
D 83 7113 2 33 39 31 28
D 81 7115 2 82 49 83 5
D 80 7111 2 17 81 40 5
D 86 7105 2 21 20 19 5
D 87 7105 2 21 27 19 28
D 85 7107 2 86 22 87 5
D 88 7107 2 86 41 87 28
D 84 7111 2 85 48 88 5
D 79 7103 3 12 80 43 84 53 5
D 69 7083 3 7 70 54 79 66 5
D 89 7061 2 2 68 4 3
D 0 7063 3 1 6 67 69 89 5
