c ids of sdd nodes start at 0
c sdd nodes appear bottom-up, children before parents
c
c file syntax:
c sdd count-of-sdd-nodes
c F id-of-false-sdd-node
c T id-of-true-sdd-node
c L id-of-literal-sdd-node id-of-vtree literal
c D id-of-decomposition-sdd-node id-of-vtree number-of-elements {id-of-prime id-of-sub}*
c
sdd 90
L 2 6776 -147
L 3 6778 148
L 4 6776 147
F 5
D 1 6777 2 2 3 4 5
L 8 6804 -279
L 9 6806 280
L 10 6804 279
D 7 6805 2 8 9 10 5
L 13 6808 -149
L 14 6810 150
L 15 6808 149
D 12 6809 2 13 14 15 5
L 19 6812 -1343
L 20 6814 -1344
L 21 6812 1343
D 18 6813 2 19 20 21 5
L 23 6816 -1345
L 24 6818 -1346
L 25 6816 1345
D 22 6817 2 23 24 25 5
L 27 6814 1344
T 28
D 26 6813 2 19 27 21 28
D 17 6815 2 18 22 26 5
L 31 6820 -1347
L 32 6822 -1348
L 33 6820 1347
D 30 6821 2 31 32 33 5
L 35 6824 -1349
L 36 6826 1350
L 37 6824 1349
D 34 6825 2 35 36 37 5
L 39 6822 1348
D 38 6821 2 31 39 33 28
D 29 6823 2 30 34 38 5
L 42 6818 1346
D 41 6817 2 23 42 25 28
D 40 6815 2 18 41 26 28
D 16 6819 2 17 29 40 5
L 44 6810 -150
D 43 6809 2 15 44 13 5
L 48 6826 -1350
D 47 6825 2 37 48 35 5
D 46 6823 2 30 47 38 5
D 45 6819 2 17 46 40 5
D 49 6809 2 13 44 15 14
D 11 6811 3 12 16 43 45 49 5
L 51 6806 -280
D 50 6805 2 10 51 8 5
D 55 6821 2 31 39 33 5
D 56 6825 2 35 48 37 5
D 57 6821 2 31 32 33 28
D 54 6823 2 55 56 57 5
D 53 6819 2 17 54 40 5
D 60 6821 2 33 32 31 5
D 61 6821 2 33 39 31 28
D 59 6823 2 60 56 61 5
D 58 6819 2 17 59 40 5
D 52 6811 3 12 53 43 58 49 5
D 62 6805 2 8 51 10 9
D 6 6807 3 7 11 50 52 62 5
L 64 6778 -148
D 63 6777 2 4 64 2 5
D 69 6817 2 23 42 25 5
D 68 6815 2 18 69 26 5
D 70 6823 2 30 56 38 5
D 72 6817 2 23 24 25 28
D 71 6815 2 18 72 26 28
D 67 6819 2 68 70 71 5
D 75 6817 2 25 24 23 5
D 74 6815 2 18 75 26 5
D 77 6817 2 25 42 23 28
D 76 6815 2 18 77 26 28
D 73 6819 2 74 70 76 5
D 66 6811 3 12 67 43 73 49 5
D 81 6813 2 19 27 21 5
D 82 6813 2 19 20 21 28
D 80 6815 2 81 22 82 5
D 83 6815 2 81 41 82 28
D 79 6819 2 80 70 83 5
D 86 6813 2 21 20 19 5
D 87 6813 2 21 27 19 28
D 85 6815 2 86 22 87 5
D 88 6815 2 86 41 87 28
D 84 6819 2 85 70 88 5
D 78 6811 3 12 79 43 84 49 5
D 65 6807 3 7 66 50 78 62 5
D 89 6777 2 2 64 4 3
D 0 6779 3 1 6 63 65 89 5
