c ids of sdd nodes start at 0
c sdd nodes appear bottom-up, children before parents
c
c file syntax:
c sdd count-of-sdd-nodes
c F id-of-false-sdd-node
c T id-of-true-sdd-node
c L id-of-literal-sdd-node id-of-vtree literal
c D id-of-decomposition-sdd-node id-of-vtree number-of-elements {id-of-prime id-of-sub}*
c
sdd 90
L 2 6808 -149
L 3 6810 150
L 4 6808 149
F 5
D 1 6809 2 2 3 4 5
L 8 6880 -151
L 9 6882 152
L 10 6880 151
D 7 6881 2 8 9 10 5
L 13 6916 -291
L 14 6918 292
L 15 6916 291
D 12 6917 2 13 14 15 5
L 19 6920 -1351
L 20 6922 -1352
L 21 6920 1351
D 18 6921 2 19 20 21 5
L 23 6924 -1353
L 24 6926 -1354
L 25 6924 1353
D 22 6925 2 23 24 25 5
L 27 6922 1352
T 28
D 26 6921 2 19 27 21 28
D 17 6923 2 18 22 26 5
L 31 6928 -1355
L 32 6930 -1356
L 33 6928 1355
D 30 6929 2 31 32 33 5
L 35 6932 -1357
L 36 6934 1358
L 37 6932 1357
D 34 6933 2 35 36 37 5
L 39 6930 1356
D 38 6929 2 31 39 33 28
D 29 6931 2 30 34 38 5
L 42 6926 1354
D 41 6925 2 23 42 25 28
D 40 6923 2 18 41 26 28
D 16 6927 2 17 29 40 5
L 44 6918 -292
D 43 6917 2 15 44 13 5
D 47 6929 2 31 39 33 5
L 49 6934 -1358
D 48 6933 2 35 49 37 5
D 50 6929 2 31 32 33 28
D 46 6931 2 47 48 50 5
D 45 6927 2 17 46 40 5
D 51 6917 2 13 44 15 14
D 11 6919 3 12 16 43 45 51 5
L 53 6882 -152
D 52 6881 2 10 53 8 5
D 57 6933 2 37 49 35 5
D 56 6931 2 30 57 38 5
D 55 6927 2 17 56 40 5
D 60 6929 2 33 32 31 5
D 61 6929 2 33 39 31 28
D 59 6931 2 60 48 61 5
D 58 6927 2 17 59 40 5
D 54 6919 3 12 55 43 58 51 5
D 62 6881 2 8 53 10 9
D 6 6883 3 7 11 52 54 62 5
L 64 6810 -150
D 63 6809 2 4 64 2 5
D 69 6925 2 23 42 25 5
D 68 6923 2 18 69 26 5
D 70 6931 2 30 48 38 5
D 72 6925 2 23 24 25 28
D 71 6923 2 18 72 26 28
D 67 6927 2 68 70 71 5
D 75 6921 2 19 27 21 5
D 76 6921 2 19 20 21 28
D 74 6923 2 75 22 76 5
D 77 6923 2 75 41 76 28
D 73 6927 2 74 70 77 5
D 66 6919 3 12 67 43 73 51 5
D 81 6925 2 25 24 23 5
D 80 6923 2 18 81 26 5
D 83 6925 2 25 42 23 28
D 82 6923 2 18 83 26 28
D 79 6927 2 80 70 82 5
D 86 6921 2 21 20 19 5
D 87 6921 2 21 27 19 28
D 85 6923 2 86 22 87 5
D 88 6923 2 86 41 87 28
D 84 6927 2 85 70 88 5
D 78 6919 3 12 79 43 84 51 5
D 65 6883 3 7 66 52 78 62 5
D 89 6809 2 2 64 4 3
D 0 6811 3 1 6 63 65 89 5
