c ids of sdd nodes start at 0
c sdd nodes appear bottom-up, children before parents
c
c file syntax:
c sdd count-of-sdd-nodes
c F id-of-false-sdd-node
c T id-of-true-sdd-node
c L id-of-literal-sdd-node id-of-vtree literal
c D id-of-decomposition-sdd-node id-of-vtree number-of-elements {id-of-prime id-of-sub}*
c
sdd 90
L 2 6496 -153
L 3 6498 154
L 4 6496 153
F 5
D 1 6497 2 2 3 4 5
L 8 6500 -297
L 9 6502 298
L 10 6500 297
D 7 6501 2 8 9 10 5
L 13 6880 -151
L 14 6882 152
L 15 6880 151
D 12 6881 2 13 14 15 5
L 19 6884 -1359
L 20 6886 -1360
L 21 6884 1359
D 18 6885 2 19 20 21 5
L 23 6888 -1361
L 24 6890 -1362
L 25 6888 1361
D 22 6889 2 23 24 25 5
L 27 6886 1360
T 28
D 26 6885 2 19 27 21 28
D 17 6887 2 18 22 26 5
L 31 6892 -1363
L 32 6894 -1364
L 33 6892 1363
D 30 6893 2 31 32 33 5
L 35 6896 -1365
L 36 6898 1366
L 37 6896 1365
D 34 6897 2 35 36 37 5
L 39 6894 1364
D 38 6893 2 31 39 33 28
D 29 6895 2 30 34 38 5
L 42 6890 1362
D 41 6889 2 23 42 25 28
D 40 6887 2 18 41 26 28
D 16 6891 2 17 29 40 5
L 44 6882 -152
D 43 6881 2 15 44 13 5
D 47 6889 2 23 42 25 5
D 46 6887 2 18 47 26 5
L 50 6898 -1366
D 49 6897 2 35 50 37 5
D 48 6895 2 30 49 38 5
D 52 6889 2 23 24 25 28
D 51 6887 2 18 52 26 28
D 45 6891 2 46 48 51 5
D 53 6881 2 13 44 15 14
D 11 6883 3 12 16 43 45 53 5
L 55 6502 -298
D 54 6501 2 10 55 8 5
D 59 6893 2 31 39 33 5
D 60 6893 2 31 32 33 28
D 58 6895 2 59 49 60 5
D 57 6891 2 17 58 40 5
D 63 6885 2 19 27 21 5
D 64 6885 2 19 20 21 28
D 62 6887 2 63 22 64 5
D 65 6887 2 63 41 64 28
D 61 6891 2 62 48 65 5
D 56 6883 3 12 57 43 61 53 5
D 66 6501 2 8 55 10 9
D 6 6503 3 7 11 54 56 66 5
L 68 6498 -154
D 67 6497 2 4 68 2 5
D 73 6897 2 37 50 35 5
D 72 6895 2 30 73 38 5
D 71 6891 2 17 72 40 5
D 76 6889 2 25 24 23 5
D 75 6887 2 18 76 26 5
D 78 6889 2 25 42 23 28
D 77 6887 2 18 78 26 28
D 74 6891 2 75 48 77 5
D 70 6883 3 12 71 43 74 53 5
D 82 6893 2 33 32 31 5
D 83 6893 2 33 39 31 28
D 81 6895 2 82 49 83 5
D 80 6891 2 17 81 40 5
D 86 6885 2 21 20 19 5
D 87 6885 2 21 27 19 28
D 85 6887 2 86 22 87 5
D 88 6887 2 86 41 87 28
D 84 6891 2 85 48 88 5
D 79 6883 3 12 80 43 84 53 5
D 69 6503 3 7 70 54 79 66 5
D 89 6497 2 2 68 4 3
D 0 6499 3 1 6 67 69 89 5
