c ids of sdd nodes start at 0
c sdd nodes appear bottom-up, children before parents
c
c file syntax:
c sdd count-of-sdd-nodes
c F id-of-false-sdd-node
c T id-of-true-sdd-node
c L id-of-literal-sdd-node id-of-vtree literal
c D id-of-decomposition-sdd-node id-of-vtree number-of-elements {id-of-prime id-of-sub}*
c
sdd 90
L 2 6496 -153
L 3 6498 154
L 4 6496 153
F 5
D 1 6497 2 2 3 4 5
L 8 6504 -155
L 9 6506 156
L 10 6504 155
D 7 6505 2 8 9 10 5
L 13 6724 -295
L 14 6726 296
L 15 6724 295
D 12 6725 2 13 14 15 5
L 19 6728 -1367
L 20 6730 -1368
L 21 6728 1367
D 18 6729 2 19 20 21 5
L 23 6732 -1369
L 24 6734 -1370
L 25 6732 1369
D 22 6733 2 23 24 25 5
L 27 6730 1368
T 28
D 26 6729 2 19 27 21 28
D 17 6731 2 18 22 26 5
L 31 6736 -1371
L 32 6738 -1372
L 33 6736 1371
D 30 6737 2 31 32 33 5
L 35 6740 -1373
L 36 6742 1374
L 37 6740 1373
D 34 6741 2 35 36 37 5
L 39 6738 1372
D 38 6737 2 31 39 33 28
D 29 6739 2 30 34 38 5
L 42 6734 1370
D 41 6733 2 23 42 25 28
D 40 6731 2 18 41 26 28
D 16 6735 2 17 29 40 5
L 44 6726 -296
D 43 6725 2 15 44 13 5
D 47 6737 2 31 39 33 5
L 49 6742 -1374
D 48 6741 2 35 49 37 5
D 50 6737 2 31 32 33 28
D 46 6739 2 47 48 50 5
D 45 6735 2 17 46 40 5
D 51 6725 2 13 44 15 14
D 11 6727 3 12 16 43 45 51 5
L 53 6506 -156
D 52 6505 2 10 53 8 5
D 57 6741 2 37 49 35 5
D 56 6739 2 30 57 38 5
D 55 6735 2 17 56 40 5
D 60 6737 2 33 32 31 5
D 61 6737 2 33 39 31 28
D 59 6739 2 60 48 61 5
D 58 6735 2 17 59 40 5
D 54 6727 3 12 55 43 58 51 5
D 62 6505 2 8 53 10 9
D 6 6507 3 7 11 52 54 62 5
L 64 6498 -154
D 63 6497 2 4 64 2 5
D 69 6733 2 23 42 25 5
D 68 6731 2 18 69 26 5
D 70 6739 2 30 48 38 5
D 72 6733 2 23 24 25 28
D 71 6731 2 18 72 26 28
D 67 6735 2 68 70 71 5
D 75 6729 2 19 27 21 5
D 76 6729 2 19 20 21 28
D 74 6731 2 75 22 76 5
D 77 6731 2 75 41 76 28
D 73 6735 2 74 70 77 5
D 66 6727 3 12 67 43 73 51 5
D 81 6733 2 25 24 23 5
D 80 6731 2 18 81 26 5
D 83 6733 2 25 42 23 28
D 82 6731 2 18 83 26 28
D 79 6735 2 80 70 82 5
D 86 6729 2 21 20 19 5
D 87 6729 2 21 27 19 28
D 85 6731 2 86 22 87 5
D 88 6731 2 86 41 87 28
D 84 6735 2 85 70 88 5
D 78 6727 3 12 79 43 84 51 5
D 65 6507 3 7 66 52 78 62 5
D 89 6497 2 2 64 4 3
D 0 6499 3 1 6 63 65 89 5
