c ids of sdd nodes start at 0
c sdd nodes appear bottom-up, children before parents
c
c file syntax:
c sdd count-of-sdd-nodes
c F id-of-false-sdd-node
c T id-of-true-sdd-node
c L id-of-literal-sdd-node id-of-vtree literal
c D id-of-decomposition-sdd-node id-of-vtree number-of-elements {id-of-prime id-of-sub}*
c
sdd 90
L 2 5996 -159
L 3 5998 160
L 4 5996 159
F 5
D 1 5997 2 2 3 4 5
L 8 6000 -317
L 9 6002 318
L 10 6000 317
D 7 6001 2 8 9 10 5
L 13 6616 -157
L 14 6618 158
L 15 6616 157
D 12 6617 2 13 14 15 5
L 19 6620 -1383
L 20 6622 -1384
L 21 6620 1383
D 18 6621 2 19 20 21 5
L 23 6624 -1385
L 24 6626 -1386
L 25 6624 1385
D 22 6625 2 23 24 25 5
L 27 6622 1384
T 28
D 26 6621 2 19 27 21 28
D 17 6623 2 18 22 26 5
L 31 6628 -1387
L 32 6630 -1388
L 33 6628 1387
D 30 6629 2 31 32 33 5
L 35 6632 -1389
L 36 6634 1390
L 37 6632 1389
D 34 6633 2 35 36 37 5
L 39 6630 1388
D 38 6629 2 31 39 33 28
D 29 6631 2 30 34 38 5
L 42 6626 1386
D 41 6625 2 23 42 25 28
D 40 6623 2 18 41 26 28
D 16 6627 2 17 29 40 5
L 44 6618 -158
D 43 6617 2 15 44 13 5
D 47 6625 2 23 42 25 5
D 46 6623 2 18 47 26 5
L 50 6634 -1390
D 49 6633 2 35 50 37 5
D 48 6631 2 30 49 38 5
D 52 6625 2 23 24 25 28
D 51 6623 2 18 52 26 28
D 45 6627 2 46 48 51 5
D 53 6617 2 13 44 15 14
D 11 6619 3 12 16 43 45 53 5
L 55 6002 -318
D 54 6001 2 10 55 8 5
D 59 6629 2 31 39 33 5
D 60 6629 2 31 32 33 28
D 58 6631 2 59 49 60 5
D 57 6627 2 17 58 40 5
D 63 6621 2 19 27 21 5
D 64 6621 2 19 20 21 28
D 62 6623 2 63 22 64 5
D 65 6623 2 63 41 64 28
D 61 6627 2 62 48 65 5
D 56 6619 3 12 57 43 61 53 5
D 66 6001 2 8 55 10 9
D 6 6003 3 7 11 54 56 66 5
L 68 5998 -160
D 67 5997 2 4 68 2 5
D 73 6633 2 37 50 35 5
D 72 6631 2 30 73 38 5
D 71 6627 2 17 72 40 5
D 76 6625 2 25 24 23 5
D 75 6623 2 18 76 26 5
D 78 6625 2 25 42 23 28
D 77 6623 2 18 78 26 28
D 74 6627 2 75 48 77 5
D 70 6619 3 12 71 43 74 53 5
D 82 6629 2 33 32 31 5
D 83 6629 2 33 39 31 28
D 81 6631 2 82 49 83 5
D 80 6627 2 17 81 40 5
D 86 6621 2 21 20 19 5
D 87 6621 2 21 27 19 28
D 85 6623 2 86 22 87 5
D 88 6623 2 86 41 87 28
D 84 6627 2 85 48 88 5
D 79 6619 3 12 80 43 84 53 5
D 69 6003 3 7 70 54 79 66 5
D 89 5997 2 2 68 4 3
D 0 5999 3 1 6 67 69 89 5
