c ids of sdd nodes start at 0
c sdd nodes appear bottom-up, children before parents
c
c file syntax:
c sdd count-of-sdd-nodes
c F id-of-false-sdd-node
c T id-of-true-sdd-node
c L id-of-literal-sdd-node id-of-vtree literal
c D id-of-decomposition-sdd-node id-of-vtree number-of-elements {id-of-prime id-of-sub}*
c
sdd 90
L 2 6488 -161
L 3 6490 162
L 4 6488 161
F 5
D 1 6489 2 2 3 4 5
L 8 6800 -167
L 9 6802 168
L 10 6800 167
D 7 6801 2 8 9 10 5
L 13 6992 -561
L 14 6994 562
L 15 6992 561
D 12 6993 2 13 14 15 5
L 19 6996 -1391
L 20 6998 -1392
L 21 6996 1391
D 18 6997 2 19 20 21 5
L 23 7000 -1393
L 24 7002 -1394
L 25 7000 1393
D 22 7001 2 23 24 25 5
L 27 6998 1392
T 28
D 26 6997 2 19 27 21 28
D 17 6999 2 18 22 26 5
L 31 7004 -1395
L 32 7006 -1396
L 33 7004 1395
D 30 7005 2 31 32 33 5
L 35 7008 -1397
L 36 7010 1398
L 37 7008 1397
D 34 7009 2 35 36 37 5
L 39 7006 1396
D 38 7005 2 31 39 33 28
D 29 7007 2 30 34 38 5
L 42 7002 1394
D 41 7001 2 23 42 25 28
D 40 6999 2 18 41 26 28
D 16 7003 2 17 29 40 5
L 44 6994 -562
D 43 6993 2 15 44 13 5
D 47 7005 2 31 39 33 5
L 49 7010 -1398
D 48 7009 2 35 49 37 5
D 50 7005 2 31 32 33 28
D 46 7007 2 47 48 50 5
D 45 7003 2 17 46 40 5
D 51 6993 2 13 44 15 14
D 11 6995 3 12 16 43 45 51 5
L 53 6802 -168
D 52 6801 2 10 53 8 5
D 57 7001 2 23 42 25 5
D 56 6999 2 18 57 26 5
D 58 7007 2 30 48 38 5
D 60 7001 2 23 24 25 28
D 59 6999 2 18 60 26 28
D 55 7003 2 56 58 59 5
D 63 6997 2 19 27 21 5
D 64 6997 2 19 20 21 28
D 62 6999 2 63 22 64 5
D 65 6999 2 63 41 64 28
D 61 7003 2 62 58 65 5
D 54 6995 3 12 55 43 61 51 5
D 66 6801 2 8 53 10 9
D 6 6803 3 7 11 52 54 66 5
L 68 6490 -162
D 67 6489 2 4 68 2 5
D 73 7009 2 37 49 35 5
D 72 7007 2 30 73 38 5
D 71 7003 2 17 72 40 5
D 76 7005 2 33 32 31 5
D 77 7005 2 33 39 31 28
D 75 7007 2 76 48 77 5
D 74 7003 2 17 75 40 5
D 70 6995 3 12 71 43 74 51 5
D 81 7001 2 25 24 23 5
D 80 6999 2 18 81 26 5
D 83 7001 2 25 42 23 28
D 82 6999 2 18 83 26 28
D 79 7003 2 80 58 82 5
D 86 6997 2 21 20 19 5
D 87 6997 2 21 27 19 28
D 85 6999 2 86 22 87 5
D 88 6999 2 86 41 87 28
D 84 7003 2 85 58 88 5
D 78 6995 3 12 79 43 84 51 5
D 69 6803 3 7 70 52 78 66 5
D 89 6489 2 2 68 4 3
D 0 6491 3 1 6 67 69 89 5
