c ids of sdd nodes start at 0
c sdd nodes appear bottom-up, children before parents
c
c file syntax:
c sdd count-of-sdd-nodes
c F id-of-false-sdd-node
c T id-of-true-sdd-node
c L id-of-literal-sdd-node id-of-vtree literal
c D id-of-decomposition-sdd-node id-of-vtree number-of-elements {id-of-prime id-of-sub}*
c
sdd 90
L 2 6488 -161
L 3 6490 162
L 4 6488 161
F 5
D 1 6489 2 2 3 4 5
L 8 6492 -303
L 9 6494 304
L 10 6492 303
D 7 6493 2 8 9 10 5
L 13 6596 -163
L 14 6598 164
L 15 6596 163
D 12 6597 2 13 14 15 5
L 19 6600 -1399
L 20 6602 -1400
L 21 6600 1399
D 18 6601 2 19 20 21 5
L 23 6604 -1401
L 24 6606 -1402
L 25 6604 1401
D 22 6605 2 23 24 25 5
L 27 6602 1400
T 28
D 26 6601 2 19 27 21 28
D 17 6603 2 18 22 26 5
L 31 6608 -1403
L 32 6610 -1404
L 33 6608 1403
D 30 6609 2 31 32 33 5
L 35 6612 -1405
L 36 6614 1406
L 37 6612 1405
D 34 6613 2 35 36 37 5
L 39 6610 1404
D 38 6609 2 31 39 33 28
D 29 6611 2 30 34 38 5
L 42 6606 1402
D 41 6605 2 23 42 25 28
D 40 6603 2 18 41 26 28
D 16 6607 2 17 29 40 5
L 44 6598 -164
D 43 6597 2 15 44 13 5
L 48 6614 -1406
D 47 6613 2 37 48 35 5
D 46 6611 2 30 47 38 5
D 45 6607 2 17 46 40 5
D 49 6597 2 13 44 15 14
D 11 6599 3 12 16 43 45 49 5
L 51 6494 -304
D 50 6493 2 10 51 8 5
D 55 6609 2 31 39 33 5
D 56 6613 2 35 48 37 5
D 57 6609 2 31 32 33 28
D 54 6611 2 55 56 57 5
D 53 6607 2 17 54 40 5
D 60 6609 2 33 32 31 5
D 61 6609 2 33 39 31 28
D 59 6611 2 60 56 61 5
D 58 6607 2 17 59 40 5
D 52 6599 3 12 53 43 58 49 5
D 62 6493 2 8 51 10 9
D 6 6495 3 7 11 50 52 62 5
L 64 6490 -162
D 63 6489 2 4 64 2 5
D 69 6605 2 23 42 25 5
D 68 6603 2 18 69 26 5
D 70 6611 2 30 56 38 5
D 72 6605 2 23 24 25 28
D 71 6603 2 18 72 26 28
D 67 6607 2 68 70 71 5
D 75 6605 2 25 24 23 5
D 74 6603 2 18 75 26 5
D 77 6605 2 25 42 23 28
D 76 6603 2 18 77 26 28
D 73 6607 2 74 70 76 5
D 66 6599 3 12 67 43 73 49 5
D 81 6601 2 19 27 21 5
D 82 6601 2 19 20 21 28
D 80 6603 2 81 22 82 5
D 83 6603 2 81 41 82 28
D 79 6607 2 80 70 83 5
D 86 6601 2 21 20 19 5
D 87 6601 2 21 27 19 28
D 85 6603 2 86 22 87 5
D 88 6603 2 86 41 87 28
D 84 6607 2 85 70 88 5
D 78 6599 3 12 79 43 84 49 5
D 65 6495 3 7 66 50 78 62 5
D 89 6489 2 2 64 4 3
D 0 6491 3 1 6 63 65 89 5
