c ids of sdd nodes start at 0
c sdd nodes appear bottom-up, children before parents
c
c file syntax:
c sdd count-of-sdd-nodes
c F id-of-false-sdd-node
c T id-of-true-sdd-node
c L id-of-literal-sdd-node id-of-vtree literal
c D id-of-decomposition-sdd-node id-of-vtree number-of-elements {id-of-prime id-of-sub}*
c
sdd 90
L 2 7044 -171
L 3 7046 172
L 4 7044 171
F 5
D 1 7045 2 2 3 4 5
L 8 7192 -309
L 9 7194 310
L 10 7192 309
D 7 7193 2 8 9 10 5
L 13 7196 -165
L 14 7198 166
L 15 7196 165
D 12 7197 2 13 14 15 5
L 19 7200 -1407
L 20 7202 -1408
L 21 7200 1407
D 18 7201 2 19 20 21 5
L 23 7204 -1409
L 24 7206 -1410
L 25 7204 1409
D 22 7205 2 23 24 25 5
L 27 7202 1408
T 28
D 26 7201 2 19 27 21 28
D 17 7203 2 18 22 26 5
L 31 7208 -1411
L 32 7210 -1412
L 33 7208 1411
D 30 7209 2 31 32 33 5
L 35 7212 -1413
L 36 7214 1414
L 37 7212 1413
D 34 7213 2 35 36 37 5
L 39 7210 1412
D 38 7209 2 31 39 33 28
D 29 7211 2 30 34 38 5
L 42 7206 1410
D 41 7205 2 23 42 25 28
D 40 7203 2 18 41 26 28
D 16 7207 2 17 29 40 5
L 44 7198 -166
D 43 7197 2 15 44 13 5
L 48 7214 -1414
D 47 7213 2 37 48 35 5
D 46 7211 2 30 47 38 5
D 45 7207 2 17 46 40 5
D 49 7197 2 13 44 15 14
D 11 7199 3 12 16 43 45 49 5
L 51 7194 -310
D 50 7193 2 10 51 8 5
D 55 7209 2 31 39 33 5
D 56 7213 2 35 48 37 5
D 57 7209 2 31 32 33 28
D 54 7211 2 55 56 57 5
D 53 7207 2 17 54 40 5
D 60 7209 2 33 32 31 5
D 61 7209 2 33 39 31 28
D 59 7211 2 60 56 61 5
D 58 7207 2 17 59 40 5
D 52 7199 3 12 53 43 58 49 5
D 62 7193 2 8 51 10 9
D 6 7195 3 7 11 50 52 62 5
L 64 7046 -172
D 63 7045 2 4 64 2 5
D 69 7205 2 23 42 25 5
D 68 7203 2 18 69 26 5
D 70 7211 2 30 56 38 5
D 72 7205 2 23 24 25 28
D 71 7203 2 18 72 26 28
D 67 7207 2 68 70 71 5
D 75 7205 2 25 24 23 5
D 74 7203 2 18 75 26 5
D 77 7205 2 25 42 23 28
D 76 7203 2 18 77 26 28
D 73 7207 2 74 70 76 5
D 66 7199 3 12 67 43 73 49 5
D 81 7201 2 19 27 21 5
D 82 7201 2 19 20 21 28
D 80 7203 2 81 22 82 5
D 83 7203 2 81 41 82 28
D 79 7207 2 80 70 83 5
D 86 7201 2 21 20 19 5
D 87 7201 2 21 27 19 28
D 85 7203 2 86 22 87 5
D 88 7203 2 86 41 87 28
D 84 7207 2 85 70 88 5
D 78 7199 3 12 79 43 84 49 5
D 65 7195 3 7 66 50 78 62 5
D 89 7045 2 2 64 4 3
D 0 7047 3 1 6 63 65 89 5
