c ids of sdd nodes start at 0
c sdd nodes appear bottom-up, children before parents
c
c file syntax:
c sdd count-of-sdd-nodes
c F id-of-false-sdd-node
c T id-of-true-sdd-node
c L id-of-literal-sdd-node id-of-vtree literal
c D id-of-decomposition-sdd-node id-of-vtree number-of-elements {id-of-prime id-of-sub}*
c
sdd 90
L 2 6800 -167
L 3 6802 168
L 4 6800 167
F 5
D 1 6801 2 2 3 4 5
L 8 6968 -307
L 9 6970 308
L 10 6968 307
D 7 6969 2 8 9 10 5
L 13 7196 -165
L 14 7198 166
L 15 7196 165
D 12 7197 2 13 14 15 5
L 19 7216 -1415
L 20 7218 -1416
L 21 7216 1415
D 18 7217 2 19 20 21 5
L 23 7220 -1417
L 24 7222 -1418
L 25 7220 1417
D 22 7221 2 23 24 25 5
L 27 7218 1416
T 28
D 26 7217 2 19 27 21 28
D 17 7219 2 18 22 26 5
L 31 7224 -1419
L 32 7226 -1420
L 33 7224 1419
D 30 7225 2 31 32 33 5
L 35 7228 -1421
L 36 7230 1422
L 37 7228 1421
D 34 7229 2 35 36 37 5
L 39 7226 1420
D 38 7225 2 31 39 33 28
D 29 7227 2 30 34 38 5
L 42 7222 1418
D 41 7221 2 23 42 25 28
D 40 7219 2 18 41 26 28
D 16 7223 2 17 29 40 5
L 44 7198 -166
D 43 7197 2 15 44 13 5
D 47 7221 2 23 42 25 5
D 46 7219 2 18 47 26 5
L 50 7230 -1422
D 49 7229 2 35 50 37 5
D 48 7227 2 30 49 38 5
D 52 7221 2 23 24 25 28
D 51 7219 2 18 52 26 28
D 45 7223 2 46 48 51 5
D 53 7197 2 13 44 15 14
D 11 7199 3 12 16 43 45 53 5
L 55 6970 -308
D 54 6969 2 10 55 8 5
D 59 7225 2 31 39 33 5
D 60 7225 2 31 32 33 28
D 58 7227 2 59 49 60 5
D 57 7223 2 17 58 40 5
D 63 7217 2 19 27 21 5
D 64 7217 2 19 20 21 28
D 62 7219 2 63 22 64 5
D 65 7219 2 63 41 64 28
D 61 7223 2 62 48 65 5
D 56 7199 3 12 57 43 61 53 5
D 66 6969 2 8 55 10 9
D 6 6971 3 7 11 54 56 66 5
L 68 6802 -168
D 67 6801 2 4 68 2 5
D 73 7229 2 37 50 35 5
D 72 7227 2 30 73 38 5
D 71 7223 2 17 72 40 5
D 76 7221 2 25 24 23 5
D 75 7219 2 18 76 26 5
D 78 7221 2 25 42 23 28
D 77 7219 2 18 78 26 28
D 74 7223 2 75 48 77 5
D 70 7199 3 12 71 43 74 53 5
D 82 7225 2 33 32 31 5
D 83 7225 2 33 39 31 28
D 81 7227 2 82 49 83 5
D 80 7223 2 17 81 40 5
D 86 7217 2 21 20 19 5
D 87 7217 2 21 27 19 28
D 85 7219 2 86 22 87 5
D 88 7219 2 86 41 87 28
D 84 7223 2 85 48 88 5
D 79 7199 3 12 80 43 84 53 5
D 69 6971 3 7 70 54 79 66 5
D 89 6801 2 2 68 4 3
D 0 6803 3 1 6 67 69 89 5
