c ids of sdd nodes start at 0
c sdd nodes appear bottom-up, children before parents
c
c file syntax:
c sdd count-of-sdd-nodes
c F id-of-false-sdd-node
c T id-of-true-sdd-node
c L id-of-literal-sdd-node id-of-vtree literal
c D id-of-decomposition-sdd-node id-of-vtree number-of-elements {id-of-prime id-of-sub}*
c
sdd 90
L 2 76 -23
L 3 78 24
L 4 76 23
F 5
D 1 77 2 2 3 4 5
L 8 88 -175
L 9 90 176
L 10 88 175
D 7 89 2 8 9 10 5
L 13 4432 -177
L 14 4434 178
L 15 4432 177
D 12 4433 2 13 14 15 5
L 19 4436 -1443
L 20 4438 -1444
L 21 4436 1443
D 18 4437 2 19 20 21 5
L 23 4440 -1445
L 24 4442 -1446
L 25 4440 1445
D 22 4441 2 23 24 25 5
L 27 4438 1444
T 28
D 26 4437 2 19 27 21 28
D 17 4439 2 18 22 26 5
L 31 4444 -1447
L 32 4446 -1448
L 33 4444 1447
D 30 4445 2 31 32 33 5
L 35 4448 -1449
L 36 4450 1450
L 37 4448 1449
D 34 4449 2 35 36 37 5
L 39 4446 1448
D 38 4445 2 31 39 33 28
D 29 4447 2 30 34 38 5
L 42 4442 1446
D 41 4441 2 23 42 25 28
D 40 4439 2 18 41 26 28
D 16 4443 2 17 29 40 5
L 44 4434 -178
D 43 4433 2 15 44 13 5
D 47 4441 2 23 42 25 5
D 46 4439 2 18 47 26 5
L 50 4450 -1450
D 49 4449 2 35 50 37 5
D 48 4447 2 30 49 38 5
D 52 4441 2 23 24 25 28
D 51 4439 2 18 52 26 28
D 45 4443 2 46 48 51 5
D 53 4433 2 13 44 15 14
D 11 4435 3 12 16 43 45 53 5
L 55 90 -176
D 54 89 2 10 55 8 5
D 59 4449 2 37 50 35 5
D 58 4447 2 30 59 38 5
D 57 4443 2 17 58 40 5
D 62 4441 2 25 24 23 5
D 61 4439 2 18 62 26 5
D 64 4441 2 25 42 23 28
D 63 4439 2 18 64 26 28
D 60 4443 2 61 48 63 5
D 56 4435 3 12 57 43 60 53 5
D 65 89 2 8 55 10 9
D 6 91 3 7 11 54 56 65 5
L 67 78 -24
D 66 77 2 4 67 2 5
D 72 4445 2 31 39 33 5
D 73 4445 2 31 32 33 28
D 71 4447 2 72 49 73 5
D 70 4443 2 17 71 40 5
D 76 4437 2 19 27 21 5
D 77 4437 2 19 20 21 28
D 75 4439 2 76 22 77 5
D 78 4439 2 76 41 77 28
D 74 4443 2 75 48 78 5
D 69 4435 3 12 70 43 74 53 5
D 82 4445 2 33 32 31 5
D 83 4445 2 33 39 31 28
D 81 4447 2 82 49 83 5
D 80 4443 2 17 81 40 5
D 86 4437 2 21 20 19 5
D 87 4437 2 21 27 19 28
D 85 4439 2 86 22 87 5
D 88 4439 2 86 41 87 28
D 84 4443 2 85 48 88 5
D 79 4435 3 12 80 43 84 53 5
D 68 91 3 7 69 54 79 65 5
D 89 77 2 2 67 4 3
D 0 79 3 1 6 66 68 89 5
