c ids of sdd nodes start at 0
c sdd nodes appear bottom-up, children before parents
c
c file syntax:
c sdd count-of-sdd-nodes
c F id-of-false-sdd-node
c T id-of-true-sdd-node
c L id-of-literal-sdd-node id-of-vtree literal
c D id-of-decomposition-sdd-node id-of-vtree number-of-elements {id-of-prime id-of-sub}*
c
sdd 90
L 2 40 -21
L 3 42 22
L 4 40 21
F 5
D 1 41 2 2 3 4 5
L 8 4224 -179
L 9 4226 180
L 10 4224 179
D 7 4225 2 8 9 10 5
L 13 4432 -177
L 14 4434 178
L 15 4432 177
D 12 4433 2 13 14 15 5
L 19 4452 -1451
L 20 4454 -1452
L 21 4452 1451
D 18 4453 2 19 20 21 5
L 23 4456 -1453
L 24 4458 -1454
L 25 4456 1453
D 22 4457 2 23 24 25 5
L 27 4454 1452
T 28
D 26 4453 2 19 27 21 28
D 17 4455 2 18 22 26 5
L 31 4460 -1455
L 32 4462 -1456
L 33 4460 1455
D 30 4461 2 31 32 33 5
L 35 4464 -1457
L 36 4466 1458
L 37 4464 1457
D 34 4465 2 35 36 37 5
L 39 4462 1456
D 38 4461 2 31 39 33 28
D 29 4463 2 30 34 38 5
L 42 4458 1454
D 41 4457 2 23 42 25 28
D 40 4455 2 18 41 26 28
D 16 4459 2 17 29 40 5
L 44 4434 -178
D 43 4433 2 15 44 13 5
L 48 4466 -1458
D 47 4465 2 37 48 35 5
D 46 4463 2 30 47 38 5
D 45 4459 2 17 46 40 5
D 49 4433 2 13 44 15 14
D 11 4435 3 12 16 43 45 49 5
L 51 4226 -180
D 50 4225 2 10 51 8 5
D 55 4457 2 23 42 25 5
D 54 4455 2 18 55 26 5
D 57 4465 2 35 48 37 5
D 56 4463 2 30 57 38 5
D 59 4457 2 23 24 25 28
D 58 4455 2 18 59 26 28
D 53 4459 2 54 56 58 5
D 62 4457 2 25 24 23 5
D 61 4455 2 18 62 26 5
D 64 4457 2 25 42 23 28
D 63 4455 2 18 64 26 28
D 60 4459 2 61 56 63 5
D 52 4435 3 12 53 43 60 49 5
D 65 4225 2 8 51 10 9
D 6 4227 3 7 11 50 52 65 5
L 67 42 -22
D 66 41 2 4 67 2 5
D 72 4461 2 31 39 33 5
D 73 4461 2 31 32 33 28
D 71 4463 2 72 57 73 5
D 70 4459 2 17 71 40 5
D 76 4461 2 33 32 31 5
D 77 4461 2 33 39 31 28
D 75 4463 2 76 57 77 5
D 74 4459 2 17 75 40 5
D 69 4435 3 12 70 43 74 49 5
D 81 4453 2 19 27 21 5
D 82 4453 2 19 20 21 28
D 80 4455 2 81 22 82 5
D 83 4455 2 81 41 82 28
D 79 4459 2 80 56 83 5
D 86 4453 2 21 20 19 5
D 87 4453 2 21 27 19 28
D 85 4455 2 86 22 87 5
D 88 4455 2 86 41 87 28
D 84 4459 2 85 56 88 5
D 78 4435 3 12 79 43 84 49 5
D 68 4227 3 7 69 50 78 65 5
D 89 41 2 2 67 4 3
D 0 43 3 1 6 66 68 89 5
