c ids of sdd nodes start at 0
c sdd nodes appear bottom-up, children before parents
c
c file syntax:
c sdd count-of-sdd-nodes
c F id-of-false-sdd-node
c T id-of-true-sdd-node
c L id-of-literal-sdd-node id-of-vtree literal
c D id-of-decomposition-sdd-node id-of-vtree number-of-elements {id-of-prime id-of-sub}*
c
sdd 90
L 2 4224 -179
L 3 4226 180
L 4 4224 179
F 5
D 1 4225 2 2 3 4 5
L 8 5856 -27
L 9 5858 28
L 10 5856 27
D 7 5857 2 8 9 10 5
L 13 5928 -181
L 14 5930 182
L 15 5928 181
D 12 5929 2 13 14 15 5
L 19 5932 -1459
L 20 5934 -1460
L 21 5932 1459
D 18 5933 2 19 20 21 5
L 23 5936 -1461
L 24 5938 -1462
L 25 5936 1461
D 22 5937 2 23 24 25 5
L 27 5934 1460
T 28
D 26 5933 2 19 27 21 28
D 17 5935 2 18 22 26 5
L 31 5940 -1463
L 32 5942 -1464
L 33 5940 1463
D 30 5941 2 31 32 33 5
L 35 5944 -1465
L 36 5946 1466
L 37 5944 1465
D 34 5945 2 35 36 37 5
L 39 5942 1464
D 38 5941 2 31 39 33 28
D 29 5943 2 30 34 38 5
L 42 5938 1462
D 41 5937 2 23 42 25 28
D 40 5935 2 18 41 26 28
D 16 5939 2 17 29 40 5
L 44 5930 -182
D 43 5929 2 15 44 13 5
D 47 5937 2 23 42 25 5
D 46 5935 2 18 47 26 5
L 50 5946 -1466
D 49 5945 2 35 50 37 5
D 48 5943 2 30 49 38 5
D 52 5937 2 23 24 25 28
D 51 5935 2 18 52 26 28
D 45 5939 2 46 48 51 5
D 53 5929 2 13 44 15 14
D 11 5931 3 12 16 43 45 53 5
L 55 5858 -28
D 54 5857 2 10 55 8 5
D 59 5941 2 31 39 33 5
D 60 5941 2 31 32 33 28
D 58 5943 2 59 49 60 5
D 57 5939 2 17 58 40 5
D 63 5933 2 19 27 21 5
D 64 5933 2 19 20 21 28
D 62 5935 2 63 22 64 5
D 65 5935 2 63 41 64 28
D 61 5939 2 62 48 65 5
D 56 5931 3 12 57 43 61 53 5
D 66 5857 2 8 55 10 9
D 6 5859 3 7 11 54 56 66 5
L 68 4226 -180
D 67 4225 2 4 68 2 5
D 73 5945 2 37 50 35 5
D 72 5943 2 30 73 38 5
D 71 5939 2 17 72 40 5
D 76 5937 2 25 24 23 5
D 75 5935 2 18 76 26 5
D 78 5937 2 25 42 23 28
D 77 5935 2 18 78 26 28
D 74 5939 2 75 48 77 5
D 70 5931 3 12 71 43 74 53 5
D 82 5941 2 33 32 31 5
D 83 5941 2 33 39 31 28
D 81 5943 2 82 49 83 5
D 80 5939 2 17 81 40 5
D 86 5933 2 21 20 19 5
D 87 5933 2 21 27 19 28
D 85 5935 2 86 22 87 5
D 88 5935 2 86 41 87 28
D 84 5939 2 85 48 88 5
D 79 5931 3 12 80 43 84 53 5
D 69 5859 3 7 70 54 79 66 5
D 89 4225 2 2 68 4 3
D 0 4227 3 1 6 67 69 89 5
