c ids of sdd nodes start at 0
c sdd nodes appear bottom-up, children before parents
c
c file syntax:
c sdd count-of-sdd-nodes
c F id-of-false-sdd-node
c T id-of-true-sdd-node
c L id-of-literal-sdd-node id-of-vtree literal
c D id-of-decomposition-sdd-node id-of-vtree number-of-elements {id-of-prime id-of-sub}*
c
sdd 90
L 2 2908 -7
L 3 2910 8
L 4 2908 7
F 5
D 1 2909 2 2 3 4 5
L 8 2964 -383
L 9 2966 384
L 10 2964 383
D 7 2965 2 8 9 10 5
L 13 3024 -17
L 14 3026 18
L 15 3024 17
D 12 3025 2 13 14 15 5
L 19 3028 -865
L 20 3030 -866
L 21 3028 865
D 18 3029 2 19 20 21 5
L 23 3032 -867
L 24 3034 -868
L 25 3032 867
D 22 3033 2 23 24 25 5
L 27 3030 866
T 28
D 26 3029 2 19 27 21 28
D 17 3031 2 18 22 26 5
L 31 3036 -869
L 32 3038 -870
L 33 3036 869
D 30 3037 2 31 32 33 5
L 35 3040 -871
L 36 3042 872
L 37 3040 871
D 34 3041 2 35 36 37 5
L 39 3038 870
D 38 3037 2 31 39 33 28
D 29 3039 2 30 34 38 5
L 42 3034 868
D 41 3033 2 23 42 25 28
D 40 3031 2 18 41 26 28
D 16 3035 2 17 29 40 5
L 44 3026 -18
D 43 3025 2 15 44 13 5
L 48 3042 -872
D 47 3041 2 37 48 35 5
D 46 3039 2 30 47 38 5
D 45 3035 2 17 46 40 5
D 49 3025 2 13 44 15 14
D 11 3027 3 12 16 43 45 49 5
L 51 2966 -384
D 50 2965 2 10 51 8 5
D 55 3037 2 31 39 33 5
D 56 3041 2 35 48 37 5
D 57 3037 2 31 32 33 28
D 54 3039 2 55 56 57 5
D 53 3035 2 17 54 40 5
D 60 3037 2 33 32 31 5
D 61 3037 2 33 39 31 28
D 59 3039 2 60 56 61 5
D 58 3035 2 17 59 40 5
D 52 3027 3 12 53 43 58 49 5
D 62 2965 2 8 51 10 9
D 6 2967 3 7 11 50 52 62 5
L 64 2910 -8
D 63 2909 2 4 64 2 5
D 69 3033 2 23 42 25 5
D 68 3031 2 18 69 26 5
D 70 3039 2 30 56 38 5
D 72 3033 2 23 24 25 28
D 71 3031 2 18 72 26 28
D 67 3035 2 68 70 71 5
D 75 3033 2 25 24 23 5
D 74 3031 2 18 75 26 5
D 77 3033 2 25 42 23 28
D 76 3031 2 18 77 26 28
D 73 3035 2 74 70 76 5
D 66 3027 3 12 67 43 73 49 5
D 81 3029 2 19 27 21 5
D 82 3029 2 19 20 21 28
D 80 3031 2 81 22 82 5
D 83 3031 2 81 41 82 28
D 79 3035 2 80 70 83 5
D 86 3029 2 21 20 19 5
D 87 3029 2 21 27 19 28
D 85 3031 2 86 22 87 5
D 88 3031 2 86 41 87 28
D 84 3035 2 85 70 88 5
D 78 3027 3 12 79 43 84 49 5
D 65 2967 3 7 66 50 78 62 5
D 89 2909 2 2 64 4 3
D 0 2911 3 1 6 63 65 89 5
