c ids of sdd nodes start at 0
c sdd nodes appear bottom-up, children before parents
c
c file syntax:
c sdd count-of-sdd-nodes
c F id-of-false-sdd-node
c T id-of-true-sdd-node
c L id-of-literal-sdd-node id-of-vtree literal
c D id-of-decomposition-sdd-node id-of-vtree number-of-elements {id-of-prime id-of-sub}*
c
sdd 90
L 2 4656 -335
L 3 4658 336
L 4 4656 335
F 5
D 1 4657 2 2 3 4 5
L 8 5800 -25
L 9 5802 26
L 10 5800 25
D 7 5801 2 8 9 10 5
L 13 5928 -181
L 14 5930 182
L 15 5928 181
D 12 5929 2 13 14 15 5
L 19 5948 -1467
L 20 5950 -1468
L 21 5948 1467
D 18 5949 2 19 20 21 5
L 23 5952 -1469
L 24 5954 -1470
L 25 5952 1469
D 22 5953 2 23 24 25 5
L 27 5950 1468
T 28
D 26 5949 2 19 27 21 28
D 17 5951 2 18 22 26 5
L 31 5956 -1471
L 32 5958 -1472
L 33 5956 1471
D 30 5957 2 31 32 33 5
L 35 5960 -1473
L 36 5962 1474
L 37 5960 1473
D 34 5961 2 35 36 37 5
L 39 5958 1472
D 38 5957 2 31 39 33 28
D 29 5959 2 30 34 38 5
L 42 5954 1470
D 41 5953 2 23 42 25 28
D 40 5951 2 18 41 26 28
D 16 5955 2 17 29 40 5
L 44 5930 -182
D 43 5929 2 15 44 13 5
L 48 5962 -1474
D 47 5961 2 37 48 35 5
D 46 5959 2 30 47 38 5
D 45 5955 2 17 46 40 5
D 49 5929 2 13 44 15 14
D 11 5931 3 12 16 43 45 49 5
L 51 5802 -26
D 50 5801 2 10 51 8 5
D 55 5957 2 31 39 33 5
D 56 5961 2 35 48 37 5
D 57 5957 2 31 32 33 28
D 54 5959 2 55 56 57 5
D 53 5955 2 17 54 40 5
D 60 5957 2 33 32 31 5
D 61 5957 2 33 39 31 28
D 59 5959 2 60 56 61 5
D 58 5955 2 17 59 40 5
D 52 5931 3 12 53 43 58 49 5
D 62 5801 2 8 51 10 9
D 6 5803 3 7 11 50 52 62 5
L 64 4658 -336
D 63 4657 2 4 64 2 5
D 69 5953 2 23 42 25 5
D 68 5951 2 18 69 26 5
D 70 5959 2 30 56 38 5
D 72 5953 2 23 24 25 28
D 71 5951 2 18 72 26 28
D 67 5955 2 68 70 71 5
D 75 5953 2 25 24 23 5
D 74 5951 2 18 75 26 5
D 77 5953 2 25 42 23 28
D 76 5951 2 18 77 26 28
D 73 5955 2 74 70 76 5
D 66 5931 3 12 67 43 73 49 5
D 81 5949 2 19 27 21 5
D 82 5949 2 19 20 21 28
D 80 5951 2 81 22 82 5
D 83 5951 2 81 41 82 28
D 79 5955 2 80 70 83 5
D 86 5949 2 21 20 19 5
D 87 5949 2 21 27 19 28
D 85 5951 2 86 22 87 5
D 88 5951 2 86 41 87 28
D 84 5955 2 85 70 88 5
D 78 5931 3 12 79 43 84 49 5
D 65 5803 3 7 66 50 78 62 5
D 89 4657 2 2 64 4 3
D 0 4659 3 1 6 63 65 89 5
