c ids of sdd nodes start at 0
c sdd nodes appear bottom-up, children before parents
c
c file syntax:
c sdd count-of-sdd-nodes
c F id-of-false-sdd-node
c T id-of-true-sdd-node
c L id-of-literal-sdd-node id-of-vtree literal
c D id-of-decomposition-sdd-node id-of-vtree number-of-elements {id-of-prime id-of-sub}*
c
sdd 90
L 2 112 -183
L 3 114 184
L 4 112 183
F 5
D 1 113 2 2 3 4 5
L 8 116 -185
L 9 118 186
L 10 116 185
D 7 117 2 8 9 10 5
L 13 540 -31
L 14 542 32
L 15 540 31
D 12 541 2 13 14 15 5
L 19 576 -1475
L 20 578 -1476
L 21 576 1475
D 18 577 2 19 20 21 5
L 23 580 -1477
L 24 582 -1478
L 25 580 1477
D 22 581 2 23 24 25 5
L 27 578 1476
T 28
D 26 577 2 19 27 21 28
D 17 579 2 18 22 26 5
L 31 584 -1479
L 32 586 -1480
L 33 584 1479
D 30 585 2 31 32 33 5
L 35 588 -1481
L 36 590 1482
L 37 588 1481
D 34 589 2 35 36 37 5
L 39 586 1480
D 38 585 2 31 39 33 28
D 29 587 2 30 34 38 5
L 42 582 1478
D 41 581 2 23 42 25 28
D 40 579 2 18 41 26 28
D 16 583 2 17 29 40 5
L 44 542 -32
D 43 541 2 15 44 13 5
D 47 585 2 31 39 33 5
L 49 590 -1482
D 48 589 2 35 49 37 5
D 50 585 2 31 32 33 28
D 46 587 2 47 48 50 5
D 45 583 2 17 46 40 5
D 51 541 2 13 44 15 14
D 11 543 3 12 16 43 45 51 5
L 53 118 -186
D 52 117 2 10 53 8 5
D 57 581 2 23 42 25 5
D 56 579 2 18 57 26 5
D 58 587 2 30 48 38 5
D 60 581 2 23 24 25 28
D 59 579 2 18 60 26 28
D 55 583 2 56 58 59 5
D 63 577 2 19 27 21 5
D 64 577 2 19 20 21 28
D 62 579 2 63 22 64 5
D 65 579 2 63 41 64 28
D 61 583 2 62 58 65 5
D 54 543 3 12 55 43 61 51 5
D 66 117 2 8 53 10 9
D 6 119 3 7 11 52 54 66 5
L 68 114 -184
D 67 113 2 4 68 2 5
D 73 589 2 37 49 35 5
D 72 587 2 30 73 38 5
D 71 583 2 17 72 40 5
D 76 585 2 33 32 31 5
D 77 585 2 33 39 31 28
D 75 587 2 76 48 77 5
D 74 583 2 17 75 40 5
D 70 543 3 12 71 43 74 51 5
D 81 581 2 25 24 23 5
D 80 579 2 18 81 26 5
D 83 581 2 25 42 23 28
D 82 579 2 18 83 26 28
D 79 583 2 80 58 82 5
D 86 577 2 21 20 19 5
D 87 577 2 21 27 19 28
D 85 579 2 86 22 87 5
D 88 579 2 86 41 87 28
D 84 583 2 85 58 88 5
D 78 543 3 12 79 43 84 51 5
D 69 119 3 7 70 52 78 66 5
D 89 113 2 2 68 4 3
D 0 115 3 1 6 67 69 89 5
