c ids of sdd nodes start at 0
c sdd nodes appear bottom-up, children before parents
c
c file syntax:
c sdd count-of-sdd-nodes
c F id-of-false-sdd-node
c T id-of-true-sdd-node
c L id-of-literal-sdd-node id-of-vtree literal
c D id-of-decomposition-sdd-node id-of-vtree number-of-elements {id-of-prime id-of-sub}*
c
sdd 90
L 2 116 -185
L 3 118 186
L 4 116 185
F 5
D 1 117 2 2 3 4 5
L 8 136 -29
L 9 138 30
L 10 136 29
D 7 137 2 8 9 10 5
L 13 968 -187
L 14 970 188
L 15 968 187
D 12 969 2 13 14 15 5
L 19 972 -1483
L 20 974 -1484
L 21 972 1483
D 18 973 2 19 20 21 5
L 23 976 -1485
L 24 978 -1486
L 25 976 1485
D 22 977 2 23 24 25 5
L 27 974 1484
T 28
D 26 973 2 19 27 21 28
D 17 975 2 18 22 26 5
L 31 980 -1487
L 32 982 -1488
L 33 980 1487
D 30 981 2 31 32 33 5
L 35 984 -1489
L 36 986 1490
L 37 984 1489
D 34 985 2 35 36 37 5
L 39 982 1488
D 38 981 2 31 39 33 28
D 29 983 2 30 34 38 5
L 42 978 1486
D 41 977 2 23 42 25 28
D 40 975 2 18 41 26 28
D 16 979 2 17 29 40 5
L 44 970 -188
D 43 969 2 15 44 13 5
D 47 977 2 23 42 25 5
D 46 975 2 18 47 26 5
L 50 986 -1490
D 49 985 2 35 50 37 5
D 48 983 2 30 49 38 5
D 52 977 2 23 24 25 28
D 51 975 2 18 52 26 28
D 45 979 2 46 48 51 5
D 53 969 2 13 44 15 14
D 11 971 3 12 16 43 45 53 5
L 55 138 -30
D 54 137 2 10 55 8 5
D 59 981 2 31 39 33 5
D 60 981 2 31 32 33 28
D 58 983 2 59 49 60 5
D 57 979 2 17 58 40 5
D 63 973 2 19 27 21 5
D 64 973 2 19 20 21 28
D 62 975 2 63 22 64 5
D 65 975 2 63 41 64 28
D 61 979 2 62 48 65 5
D 56 971 3 12 57 43 61 53 5
D 66 137 2 8 55 10 9
D 6 139 3 7 11 54 56 66 5
L 68 118 -186
D 67 117 2 4 68 2 5
D 73 985 2 37 50 35 5
D 72 983 2 30 73 38 5
D 71 979 2 17 72 40 5
D 76 977 2 25 24 23 5
D 75 975 2 18 76 26 5
D 78 977 2 25 42 23 28
D 77 975 2 18 78 26 28
D 74 979 2 75 48 77 5
D 70 971 3 12 71 43 74 53 5
D 82 981 2 33 32 31 5
D 83 981 2 33 39 31 28
D 81 983 2 82 49 83 5
D 80 979 2 17 81 40 5
D 86 973 2 21 20 19 5
D 87 973 2 21 27 19 28
D 85 975 2 86 22 87 5
D 88 975 2 86 41 87 28
D 84 979 2 85 48 88 5
D 79 971 3 12 80 43 84 53 5
D 69 139 3 7 70 54 79 66 5
D 89 117 2 2 68 4 3
D 0 119 3 1 6 67 69 89 5
