c ids of sdd nodes start at 0
c sdd nodes appear bottom-up, children before parents
c
c file syntax:
c sdd count-of-sdd-nodes
c F id-of-false-sdd-node
c T id-of-true-sdd-node
c L id-of-literal-sdd-node id-of-vtree literal
c D id-of-decomposition-sdd-node id-of-vtree number-of-elements {id-of-prime id-of-sub}*
c
sdd 90
L 2 56 -189
L 3 58 190
L 4 56 189
F 5
D 1 57 2 2 3 4 5
L 8 964 -35
L 9 966 36
L 10 964 35
D 7 965 2 8 9 10 5
L 13 968 -187
L 14 970 188
L 15 968 187
D 12 969 2 13 14 15 5
L 19 988 -1491
L 20 990 -1492
L 21 988 1491
D 18 989 2 19 20 21 5
L 23 992 -1493
L 24 994 -1494
L 25 992 1493
D 22 993 2 23 24 25 5
L 27 990 1492
T 28
D 26 989 2 19 27 21 28
D 17 991 2 18 22 26 5
L 31 996 -1495
L 32 998 -1496
L 33 996 1495
D 30 997 2 31 32 33 5
L 35 1000 -1497
L 36 1002 1498
L 37 1000 1497
D 34 1001 2 35 36 37 5
L 39 998 1496
D 38 997 2 31 39 33 28
D 29 999 2 30 34 38 5
L 42 994 1494
D 41 993 2 23 42 25 28
D 40 991 2 18 41 26 28
D 16 995 2 17 29 40 5
L 44 970 -188
D 43 969 2 15 44 13 5
L 48 1002 -1498
D 47 1001 2 37 48 35 5
D 46 999 2 30 47 38 5
D 45 995 2 17 46 40 5
D 49 969 2 13 44 15 14
D 11 971 3 12 16 43 45 49 5
L 51 966 -36
D 50 965 2 10 51 8 5
D 55 997 2 31 39 33 5
D 56 1001 2 35 48 37 5
D 57 997 2 31 32 33 28
D 54 999 2 55 56 57 5
D 53 995 2 17 54 40 5
D 60 997 2 33 32 31 5
D 61 997 2 33 39 31 28
D 59 999 2 60 56 61 5
D 58 995 2 17 59 40 5
D 52 971 3 12 53 43 58 49 5
D 62 965 2 8 51 10 9
D 6 967 3 7 11 50 52 62 5
L 64 58 -190
D 63 57 2 4 64 2 5
D 69 993 2 23 42 25 5
D 68 991 2 18 69 26 5
D 70 999 2 30 56 38 5
D 72 993 2 23 24 25 28
D 71 991 2 18 72 26 28
D 67 995 2 68 70 71 5
D 75 993 2 25 24 23 5
D 74 991 2 18 75 26 5
D 77 993 2 25 42 23 28
D 76 991 2 18 77 26 28
D 73 995 2 74 70 76 5
D 66 971 3 12 67 43 73 49 5
D 81 989 2 19 27 21 5
D 82 989 2 19 20 21 28
D 80 991 2 81 22 82 5
D 83 991 2 81 41 82 28
D 79 995 2 80 70 83 5
D 86 989 2 21 20 19 5
D 87 989 2 21 27 19 28
D 85 991 2 86 22 87 5
D 88 991 2 86 41 87 28
D 84 995 2 85 70 88 5
D 78 971 3 12 79 43 84 49 5
D 65 967 3 7 66 50 78 62 5
D 89 57 2 2 64 4 3
D 0 59 3 1 6 63 65 89 5
