c ids of sdd nodes start at 0
c sdd nodes appear bottom-up, children before parents
c
c file syntax:
c sdd count-of-sdd-nodes
c F id-of-false-sdd-node
c T id-of-true-sdd-node
c L id-of-literal-sdd-node id-of-vtree literal
c D id-of-decomposition-sdd-node id-of-vtree number-of-elements {id-of-prime id-of-sub}*
c
sdd 90
L 2 3048 -19
L 3 3050 20
L 4 3048 19
F 5
D 1 3049 2 2 3 4 5
L 8 3104 -797
L 9 3106 798
L 10 3104 797
D 7 3105 2 8 9 10 5
L 13 3184 -191
L 14 3186 192
L 15 3184 191
D 12 3185 2 13 14 15 5
L 19 3188 -1507
L 20 3190 -1508
L 21 3188 1507
D 18 3189 2 19 20 21 5
L 23 3192 -1509
L 24 3194 -1510
L 25 3192 1509
D 22 3193 2 23 24 25 5
L 27 3190 1508
T 28
D 26 3189 2 19 27 21 28
D 17 3191 2 18 22 26 5
L 31 3196 -1511
L 32 3198 -1512
L 33 3196 1511
D 30 3197 2 31 32 33 5
L 35 3200 -1513
L 36 3202 1514
L 37 3200 1513
D 34 3201 2 35 36 37 5
L 39 3198 1512
D 38 3197 2 31 39 33 28
D 29 3199 2 30 34 38 5
L 42 3194 1510
D 41 3193 2 23 42 25 28
D 40 3191 2 18 41 26 28
D 16 3195 2 17 29 40 5
L 44 3186 -192
D 43 3185 2 15 44 13 5
L 48 3202 -1514
D 47 3201 2 37 48 35 5
D 46 3199 2 30 47 38 5
D 45 3195 2 17 46 40 5
D 49 3185 2 13 44 15 14
D 11 3187 3 12 16 43 45 49 5
L 51 3106 -798
D 50 3105 2 10 51 8 5
D 55 3193 2 23 42 25 5
D 54 3191 2 18 55 26 5
D 57 3201 2 35 48 37 5
D 56 3199 2 30 57 38 5
D 59 3193 2 23 24 25 28
D 58 3191 2 18 59 26 28
D 53 3195 2 54 56 58 5
D 62 3193 2 25 24 23 5
D 61 3191 2 18 62 26 5
D 64 3193 2 25 42 23 28
D 63 3191 2 18 64 26 28
D 60 3195 2 61 56 63 5
D 52 3187 3 12 53 43 60 49 5
D 65 3105 2 8 51 10 9
D 6 3107 3 7 11 50 52 65 5
L 67 3050 -20
D 66 3049 2 4 67 2 5
D 72 3197 2 31 39 33 5
D 73 3197 2 31 32 33 28
D 71 3199 2 72 57 73 5
D 70 3195 2 17 71 40 5
D 76 3197 2 33 32 31 5
D 77 3197 2 33 39 31 28
D 75 3199 2 76 57 77 5
D 74 3195 2 17 75 40 5
D 69 3187 3 12 70 43 74 49 5
D 81 3189 2 19 27 21 5
D 82 3189 2 19 20 21 28
D 80 3191 2 81 22 82 5
D 83 3191 2 81 41 82 28
D 79 3195 2 80 56 83 5
D 86 3189 2 21 20 19 5
D 87 3189 2 21 27 19 28
D 85 3191 2 86 22 87 5
D 88 3191 2 86 41 87 28
D 84 3195 2 85 56 88 5
D 78 3187 3 12 79 43 84 49 5
D 68 3107 3 7 69 50 78 65 5
D 89 3049 2 2 67 4 3
D 0 3051 3 1 6 66 68 89 5
