c ids of sdd nodes start at 0
c sdd nodes appear bottom-up, children before parents
c
c file syntax:
c sdd count-of-sdd-nodes
c F id-of-false-sdd-node
c T id-of-true-sdd-node
c L id-of-literal-sdd-node id-of-vtree literal
c D id-of-decomposition-sdd-node id-of-vtree number-of-elements {id-of-prime id-of-sub}*
c
sdd 90
L 2 4612 -697
L 3 4614 698
L 4 4612 697
F 5
D 1 4613 2 2 3 4 5
L 8 4620 -193
L 9 4622 194
L 10 4620 193
D 7 4621 2 8 9 10 5
L 13 5464 -391
L 14 5466 392
L 15 5464 391
D 12 5465 2 13 14 15 5
L 19 5468 -1515
L 20 5470 -1516
L 21 5468 1515
D 18 5469 2 19 20 21 5
L 23 5472 -1517
L 24 5474 -1518
L 25 5472 1517
D 22 5473 2 23 24 25 5
L 27 5470 1516
T 28
D 26 5469 2 19 27 21 28
D 17 5471 2 18 22 26 5
L 31 5476 -1519
L 32 5478 -1520
L 33 5476 1519
D 30 5477 2 31 32 33 5
L 35 5480 -1521
L 36 5482 1522
L 37 5480 1521
D 34 5481 2 35 36 37 5
L 39 5478 1520
D 38 5477 2 31 39 33 28
D 29 5479 2 30 34 38 5
L 42 5474 1518
D 41 5473 2 23 42 25 28
D 40 5471 2 18 41 26 28
D 16 5475 2 17 29 40 5
L 44 5466 -392
D 43 5465 2 15 44 13 5
D 47 5473 2 23 42 25 5
D 46 5471 2 18 47 26 5
L 50 5482 -1522
D 49 5481 2 35 50 37 5
D 48 5479 2 30 49 38 5
D 52 5473 2 23 24 25 28
D 51 5471 2 18 52 26 28
D 45 5475 2 46 48 51 5
D 53 5465 2 13 44 15 14
D 11 5467 3 12 16 43 45 53 5
L 55 4622 -194
D 54 4621 2 10 55 8 5
D 59 5481 2 37 50 35 5
D 58 5479 2 30 59 38 5
D 57 5475 2 17 58 40 5
D 62 5473 2 25 24 23 5
D 61 5471 2 18 62 26 5
D 64 5473 2 25 42 23 28
D 63 5471 2 18 64 26 28
D 60 5475 2 61 48 63 5
D 56 5467 3 12 57 43 60 53 5
D 65 4621 2 8 55 10 9
D 6 4623 3 7 11 54 56 65 5
L 67 4614 -698
D 66 4613 2 4 67 2 5
D 72 5477 2 31 39 33 5
D 73 5477 2 31 32 33 28
D 71 5479 2 72 49 73 5
D 70 5475 2 17 71 40 5
D 76 5469 2 19 27 21 5
D 77 5469 2 19 20 21 28
D 75 5471 2 76 22 77 5
D 78 5471 2 76 41 77 28
D 74 5475 2 75 48 78 5
D 69 5467 3 12 70 43 74 53 5
D 82 5477 2 33 32 31 5
D 83 5477 2 33 39 31 28
D 81 5479 2 82 49 83 5
D 80 5475 2 17 81 40 5
D 86 5469 2 21 20 19 5
D 87 5469 2 21 27 19 28
D 85 5471 2 86 22 87 5
D 88 5471 2 86 41 87 28
D 84 5475 2 85 48 88 5
D 79 5467 3 12 80 43 84 53 5
D 68 4623 3 7 69 54 79 65 5
D 89 4613 2 2 67 4 3
D 0 4615 3 1 6 66 68 89 5
