c ids of sdd nodes start at 0
c sdd nodes appear bottom-up, children before parents
c
c file syntax:
c sdd count-of-sdd-nodes
c F id-of-false-sdd-node
c T id-of-true-sdd-node
c L id-of-literal-sdd-node id-of-vtree literal
c D id-of-decomposition-sdd-node id-of-vtree number-of-elements {id-of-prime id-of-sub}*
c
sdd 90
L 2 436 -195
L 3 438 196
L 4 436 195
F 5
D 1 437 2 2 3 4 5
L 8 592 -197
L 9 594 198
L 10 592 197
D 7 593 2 8 9 10 5
L 13 628 -39
L 14 630 40
L 15 628 39
D 12 629 2 13 14 15 5
L 19 632 -1523
L 20 634 -1524
L 21 632 1523
D 18 633 2 19 20 21 5
L 23 636 -1525
L 24 638 -1526
L 25 636 1525
D 22 637 2 23 24 25 5
L 27 634 1524
T 28
D 26 633 2 19 27 21 28
D 17 635 2 18 22 26 5
L 31 640 -1527
L 32 642 -1528
L 33 640 1527
D 30 641 2 31 32 33 5
L 35 644 -1529
L 36 646 1530
L 37 644 1529
D 34 645 2 35 36 37 5
L 39 642 1528
D 38 641 2 31 39 33 28
D 29 643 2 30 34 38 5
L 42 638 1526
D 41 637 2 23 42 25 28
D 40 635 2 18 41 26 28
D 16 639 2 17 29 40 5
L 44 630 -40
D 43 629 2 15 44 13 5
D 47 641 2 31 39 33 5
L 49 646 -1530
D 48 645 2 35 49 37 5
D 50 641 2 31 32 33 28
D 46 643 2 47 48 50 5
D 45 639 2 17 46 40 5
D 51 629 2 13 44 15 14
D 11 631 3 12 16 43 45 51 5
L 53 594 -198
D 52 593 2 10 53 8 5
D 57 637 2 23 42 25 5
D 56 635 2 18 57 26 5
D 58 643 2 30 48 38 5
D 60 637 2 23 24 25 28
D 59 635 2 18 60 26 28
D 55 639 2 56 58 59 5
D 63 633 2 19 27 21 5
D 64 633 2 19 20 21 28
D 62 635 2 63 22 64 5
D 65 635 2 63 41 64 28
D 61 639 2 62 58 65 5
D 54 631 3 12 55 43 61 51 5
D 66 593 2 8 53 10 9
D 6 595 3 7 11 52 54 66 5
L 68 438 -196
D 67 437 2 4 68 2 5
D 73 645 2 37 49 35 5
D 72 643 2 30 73 38 5
D 71 639 2 17 72 40 5
D 76 641 2 33 32 31 5
D 77 641 2 33 39 31 28
D 75 643 2 76 48 77 5
D 74 639 2 17 75 40 5
D 70 631 3 12 71 43 74 51 5
D 81 637 2 25 24 23 5
D 80 635 2 18 81 26 5
D 83 637 2 25 42 23 28
D 82 635 2 18 83 26 28
D 79 639 2 80 58 82 5
D 86 633 2 21 20 19 5
D 87 633 2 21 27 19 28
D 85 635 2 86 22 87 5
D 88 635 2 86 41 87 28
D 84 639 2 85 58 88 5
D 78 631 3 12 79 43 84 51 5
D 69 595 3 7 70 52 78 66 5
D 89 437 2 2 68 4 3
D 0 439 3 1 6 67 69 89 5
