c ids of sdd nodes start at 0
c sdd nodes appear bottom-up, children before parents
c
c file syntax:
c sdd count-of-sdd-nodes
c F id-of-false-sdd-node
c T id-of-true-sdd-node
c L id-of-literal-sdd-node id-of-vtree literal
c D id-of-decomposition-sdd-node id-of-vtree number-of-elements {id-of-prime id-of-sub}*
c
sdd 90
L 2 112 -183
L 3 114 184
L 4 112 183
F 5
D 1 113 2 2 3 4 5
L 8 536 -37
L 9 538 38
L 10 536 37
D 7 537 2 8 9 10 5
L 13 592 -197
L 14 594 198
L 15 592 197
D 12 593 2 13 14 15 5
L 19 596 -1531
L 20 598 -1532
L 21 596 1531
D 18 597 2 19 20 21 5
L 23 600 -1533
L 24 602 -1534
L 25 600 1533
D 22 601 2 23 24 25 5
L 27 598 1532
T 28
D 26 597 2 19 27 21 28
D 17 599 2 18 22 26 5
L 31 604 -1535
L 32 606 -1536
L 33 604 1535
D 30 605 2 31 32 33 5
L 35 608 -1537
L 36 610 1538
L 37 608 1537
D 34 609 2 35 36 37 5
L 39 606 1536
D 38 605 2 31 39 33 28
D 29 607 2 30 34 38 5
L 42 602 1534
D 41 601 2 23 42 25 28
D 40 599 2 18 41 26 28
D 16 603 2 17 29 40 5
L 44 594 -198
D 43 593 2 15 44 13 5
L 48 610 -1538
D 47 609 2 37 48 35 5
D 46 607 2 30 47 38 5
D 45 603 2 17 46 40 5
D 49 593 2 13 44 15 14
D 11 595 3 12 16 43 45 49 5
L 51 538 -38
D 50 537 2 10 51 8 5
D 55 605 2 31 39 33 5
D 56 609 2 35 48 37 5
D 57 605 2 31 32 33 28
D 54 607 2 55 56 57 5
D 53 603 2 17 54 40 5
D 60 605 2 33 32 31 5
D 61 605 2 33 39 31 28
D 59 607 2 60 56 61 5
D 58 603 2 17 59 40 5
D 52 595 3 12 53 43 58 49 5
D 62 537 2 8 51 10 9
D 6 539 3 7 11 50 52 62 5
L 64 114 -184
D 63 113 2 4 64 2 5
D 69 601 2 23 42 25 5
D 68 599 2 18 69 26 5
D 70 607 2 30 56 38 5
D 72 601 2 23 24 25 28
D 71 599 2 18 72 26 28
D 67 603 2 68 70 71 5
D 75 601 2 25 24 23 5
D 74 599 2 18 75 26 5
D 77 601 2 25 42 23 28
D 76 599 2 18 77 26 28
D 73 603 2 74 70 76 5
D 66 595 3 12 67 43 73 49 5
D 81 597 2 19 27 21 5
D 82 597 2 19 20 21 28
D 80 599 2 81 22 82 5
D 83 599 2 81 41 82 28
D 79 603 2 80 70 83 5
D 86 597 2 21 20 19 5
D 87 597 2 21 27 19 28
D 85 599 2 86 22 87 5
D 88 599 2 86 41 87 28
D 84 603 2 85 70 88 5
D 78 595 3 12 79 43 84 49 5
D 65 539 3 7 66 50 78 62 5
D 89 113 2 2 64 4 3
D 0 115 3 1 6 63 65 89 5
