c ids of sdd nodes start at 0
c sdd nodes appear bottom-up, children before parents
c
c file syntax:
c sdd count-of-sdd-nodes
c F id-of-false-sdd-node
c T id-of-true-sdd-node
c L id-of-literal-sdd-node id-of-vtree literal
c D id-of-decomposition-sdd-node id-of-vtree number-of-elements {id-of-prime id-of-sub}*
c
sdd 90
L 2 4620 -193
L 3 4622 194
L 4 4620 193
F 5
D 1 4621 2 2 3 4 5
L 8 4784 -695
L 9 4786 696
L 10 4784 695
D 7 4785 2 8 9 10 5
L 13 4820 -199
L 14 4822 200
L 15 4820 199
D 12 4821 2 13 14 15 5
L 19 4824 -1539
L 20 4826 -1540
L 21 4824 1539
D 18 4825 2 19 20 21 5
L 23 4828 -1541
L 24 4830 -1542
L 25 4828 1541
D 22 4829 2 23 24 25 5
L 27 4826 1540
T 28
D 26 4825 2 19 27 21 28
D 17 4827 2 18 22 26 5
L 31 4832 -1543
L 32 4834 -1544
L 33 4832 1543
D 30 4833 2 31 32 33 5
L 35 4836 -1545
L 36 4838 1546
L 37 4836 1545
D 34 4837 2 35 36 37 5
L 39 4834 1544
D 38 4833 2 31 39 33 28
D 29 4835 2 30 34 38 5
L 42 4830 1542
D 41 4829 2 23 42 25 28
D 40 4827 2 18 41 26 28
D 16 4831 2 17 29 40 5
L 44 4822 -200
D 43 4821 2 15 44 13 5
L 48 4838 -1546
D 47 4837 2 37 48 35 5
D 46 4835 2 30 47 38 5
D 45 4831 2 17 46 40 5
D 49 4821 2 13 44 15 14
D 11 4823 3 12 16 43 45 49 5
L 51 4786 -696
D 50 4785 2 10 51 8 5
D 55 4833 2 31 39 33 5
D 56 4837 2 35 48 37 5
D 57 4833 2 31 32 33 28
D 54 4835 2 55 56 57 5
D 53 4831 2 17 54 40 5
D 60 4833 2 33 32 31 5
D 61 4833 2 33 39 31 28
D 59 4835 2 60 56 61 5
D 58 4831 2 17 59 40 5
D 52 4823 3 12 53 43 58 49 5
D 62 4785 2 8 51 10 9
D 6 4787 3 7 11 50 52 62 5
L 64 4622 -194
D 63 4621 2 4 64 2 5
D 69 4829 2 23 42 25 5
D 68 4827 2 18 69 26 5
D 70 4835 2 30 56 38 5
D 72 4829 2 23 24 25 28
D 71 4827 2 18 72 26 28
D 67 4831 2 68 70 71 5
D 75 4829 2 25 24 23 5
D 74 4827 2 18 75 26 5
D 77 4829 2 25 42 23 28
D 76 4827 2 18 77 26 28
D 73 4831 2 74 70 76 5
D 66 4823 3 12 67 43 73 49 5
D 81 4825 2 19 27 21 5
D 82 4825 2 19 20 21 28
D 80 4827 2 81 22 82 5
D 83 4827 2 81 41 82 28
D 79 4831 2 80 70 83 5
D 86 4825 2 21 20 19 5
D 87 4825 2 21 27 19 28
D 85 4827 2 86 22 87 5
D 88 4827 2 86 41 87 28
D 84 4831 2 85 70 88 5
D 78 4823 3 12 79 43 84 49 5
D 65 4787 3 7 66 50 78 62 5
D 89 4621 2 2 64 4 3
D 0 4623 3 1 6 63 65 89 5
