c ids of sdd nodes start at 0
c sdd nodes appear bottom-up, children before parents
c
c file syntax:
c sdd count-of-sdd-nodes
c F id-of-false-sdd-node
c T id-of-true-sdd-node
c L id-of-literal-sdd-node id-of-vtree literal
c D id-of-decomposition-sdd-node id-of-vtree number-of-elements {id-of-prime id-of-sub}*
c
sdd 90
L 2 2984 -381
L 3 2986 382
L 4 2984 381
F 5
D 1 2985 2 2 3 4 5
L 8 3024 -17
L 9 3026 18
L 10 3024 17
D 7 3025 2 8 9 10 5
L 13 3048 -19
L 14 3050 20
L 15 3048 19
D 12 3049 2 13 14 15 5
L 19 3052 -873
L 20 3054 -874
L 21 3052 873
D 18 3053 2 19 20 21 5
L 23 3056 -875
L 24 3058 -876
L 25 3056 875
D 22 3057 2 23 24 25 5
L 27 3054 874
T 28
D 26 3053 2 19 27 21 28
D 17 3055 2 18 22 26 5
L 31 3060 -877
L 32 3062 -878
L 33 3060 877
D 30 3061 2 31 32 33 5
L 35 3064 -879
L 36 3066 880
L 37 3064 879
D 34 3065 2 35 36 37 5
L 39 3062 878
D 38 3061 2 31 39 33 28
D 29 3063 2 30 34 38 5
L 42 3058 876
D 41 3057 2 23 42 25 28
D 40 3055 2 18 41 26 28
D 16 3059 2 17 29 40 5
L 44 3050 -20
D 43 3049 2 15 44 13 5
L 48 3066 -880
D 47 3065 2 37 48 35 5
D 46 3063 2 30 47 38 5
D 45 3059 2 17 46 40 5
D 49 3049 2 13 44 15 14
D 11 3051 3 12 16 43 45 49 5
L 51 3026 -18
D 50 3025 2 10 51 8 5
D 55 3057 2 23 42 25 5
D 54 3055 2 18 55 26 5
D 57 3065 2 35 48 37 5
D 56 3063 2 30 57 38 5
D 59 3057 2 23 24 25 28
D 58 3055 2 18 59 26 28
D 53 3059 2 54 56 58 5
D 62 3057 2 25 24 23 5
D 61 3055 2 18 62 26 5
D 64 3057 2 25 42 23 28
D 63 3055 2 18 64 26 28
D 60 3059 2 61 56 63 5
D 52 3051 3 12 53 43 60 49 5
D 65 3025 2 8 51 10 9
D 6 3027 3 7 11 50 52 65 5
L 67 2986 -382
D 66 2985 2 4 67 2 5
D 72 3061 2 31 39 33 5
D 73 3061 2 31 32 33 28
D 71 3063 2 72 57 73 5
D 70 3059 2 17 71 40 5
D 76 3061 2 33 32 31 5
D 77 3061 2 33 39 31 28
D 75 3063 2 76 57 77 5
D 74 3059 2 17 75 40 5
D 69 3051 3 12 70 43 74 49 5
D 81 3053 2 19 27 21 5
D 82 3053 2 19 20 21 28
D 80 3055 2 81 22 82 5
D 83 3055 2 81 41 82 28
D 79 3059 2 80 56 83 5
D 86 3053 2 21 20 19 5
D 87 3053 2 21 27 19 28
D 85 3055 2 86 22 87 5
D 88 3055 2 86 41 87 28
D 84 3059 2 85 56 88 5
D 78 3051 3 12 79 43 84 49 5
D 68 3027 3 7 69 50 78 65 5
D 89 2985 2 2 67 4 3
D 0 2987 3 1 6 66 68 89 5
